QGC WPL 110
0	1	0	0	0	0	0	0	0	0	0	1
1	0	3	22	20.000000	0.000000	0.000000	0.000000	0.000000	0.000000	30.000000	1
2	0	3	16	0.000000	0.000000	0.000000	0.000000	-35.352966	149.182974	133.000000	1
3	0	3	16	0.000000	0.000000	0.000000	0.000000	-35.352937	149.182973	133.000000	1
4	0	3	16	0.000000	0.000000	0.000000	0.000000	-35.352991	149.181597	133.000000	1
5	0	3	16	0.000000	0.000000	0.000000	0.000000	-35.353676	149.181616	133.000000	1
6	0	3	203	0.000000	0.000000	0.000000	0.000000	0.000000	0.000000	0.000000	1
7	0	3	16	0.000000	0.000000	0.000000	0.000000	-35.354196	149.181630	133.000000	1
8	0	3	16	0.000000	0.000000	0.000000	0.000000	-35.353044	149.180222	133.000000	1
9	0	3	16	0.000000	0.000000	0.000000	0.000000	-35.353702	149.180239	133.000000	1
10	0	3	203	0.000000	0.000000	0.000000	0.000000	0.000000	0.000000	0.000000	1
11	0	3	16	0.000000	0.000000	0.000000	0.000000	-35.354576	149.180263	133.000000	1
12	0	3	203	0.000000	0.000000	0.000000	0.000000	0.000000	0.000000	0.000000	1
13	0	3	16	0.000000	0.000000	0.000000	0.000000	-35.355425	149.180286	133.000000	1
14	0	3	16	0.000000	0.000000	0.000000	0.000000	-35.356655	149.178942	133.000000	1
15	0	3	16	0.000000	0.000000	0.000000	0.000000	-35.356376	149.178934	133.000000	1
16	0	3	203	0.000000	0.000000	0.000000	0.000000	0.000000	0.000000	0.000000	1
17	0	3	16	0.000000	0.000000	0.000000	0.000000	-35.355502	149.178911	133.000000	1
18	0	3	203	0.000000	0.000000	0.000000	0.000000	0.000000	0.000000	0.000000	1
19	0	3	16	0.000000	0.000000	0.000000	0.000000	-35.354628	149.178887	133.000000	1
20	0	3	203	0.000000	0.000000	0.000000	0.000000	0.000000	0.000000	0.000000	1
21	0	3	16	0.000000	0.000000	0.000000	0.000000	-35.353754	149.178864	133.000000	1
22	0	3	203	0.000000	0.000000	0.000000	0.000000	0.000000	0.000000	0.000000	1
23	0	3	16	0.000000	0.000000	0.000000	0.000000	-35.353098	149.178846	133.000000	1
24	0	3	16	0.000000	0.000000	0.000000	0.000000	-35.353151	149.177470	133.000000	1
25	0	3	16	0.000000	0.000000	0.000000	0.000000	-35.353755	149.177487	133.000000	1
26	0	3	203	0.000000	0.000000	0.000000	0.000000	0.000000	0.000000	0.000000	1
27	0	3	16	0.000000	0.000000	0.000000	0.000000	-35.354629	149.177510	133.000000	1
28	0	3	203	0.000000	0.000000	0.000000	0.000000	0.000000	0.000000	0.000000	1
29	0	3	16	0.000000	0.000000	0.000000	0.000000	-35.355503	149.177533	133.000000	1
30	0	3	203	0.000000	0.000000	0.000000	0.000000	0.000000	0.000000	0.000000	1
31	0	3	16	0.000000	0.000000	0.000000	0.000000	-35.356377	149.177557	133.000000	1
32	0	3	203	0.000000	0.000000	0.000000	0.000000	0.000000	0.000000	0.000000	1
33	0	3	16	0.000000	0.000000	0.000000	0.000000	-35.357251	149.177580	133.000000	1
34	0	3	203	0.000000	0.000000	0.000000	0.000000	0.000000	0.000000	0.000000	1
35	0	3	16	0.000000	0.000000	0.000000	0.000000	-35.357885	149.177597	133.000000	1
36	0	3	16	0.000000	0.000000	0.000000	0.000000	-35.359114	149.176253	133.000000	1
37	0	3	16	0.000000	0.000000	0.000000	0.000000	-35.359069	149.176252	133.000000	1
38	0	3	203	0.000000	0.000000	0.000000	0.000000	0.000000	0.000000	0.000000	1
39	0	3	16	0.000000	0.000000	0.000000	0.000000	-35.358195	149.176229	133.000000	1
40	0	3	203	0.000000	0.000000	0.000000	0.000000	0.000000	0.000000	0.000000	1
41	0	3	16	0.000000	0.000000	0.000000	0.000000	-35.357321	149.176205	133.000000	1
42	0	3	203	0.000000	0.000000	0.000000	0.000000	0.000000	0.000000	0.000000	1
43	0	3	16	0.000000	0.000000	0.000000	0.000000	-35.356447	149.176182	133.000000	1
44	0	3	203	0.000000	0.000000	0.000000	0.000000	0.000000	0.000000	0.000000	1
45	0	3	16	0.000000	0.000000	0.000000	0.000000	-35.355573	149.176158	133.000000	1
46	0	3	203	0.000000	0.000000	0.000000	0.000000	0.000000	0.000000	0.000000	1
47	0	3	16	0.000000	0.000000	0.000000	0.000000	-35.354699	149.176135	133.000000	1
48	0	3	203	0.000000	0.000000	0.000000	0.000000	0.000000	0.000000	0.000000	1
49	0	3	16	0.000000	0.000000	0.000000	0.000000	-35.353825	149.176111	133.000000	1
50	0	3	203	0.000000	0.000000	0.000000	0.000000	0.000000	0.000000	0.000000	1
51	0	3	16	0.000000	0.000000	0.000000	0.000000	-35.353205	149.176095	133.000000	1
52	0	3	16	0.000000	0.000000	0.000000	0.000000	-35.351376	149.174669	133.000000	1
53	0	3	16	0.000000	0.000000	0.000000	0.000000	-35.352043	149.174686	133.000000	1
54	0	3	203	0.000000	0.000000	0.000000	0.000000	0.000000	0.000000	0.000000	1
55	0	3	16	0.000000	0.000000	0.000000	0.000000	-35.352917	149.174710	133.000000	1
56	0	3	203	0.000000	0.000000	0.000000	0.000000	0.000000	0.000000	0.000000	1
57	0	3	16	0.000000	0.000000	0.000000	0.000000	-35.353791	149.174733	133.000000	1
58	0	3	203	0.000000	0.000000	0.000000	0.000000	0.000000	0.000000	0.000000	1
59	0	3	16	0.000000	0.000000	0.000000	0.000000	-35.354665	149.174757	133.000000	1
60	0	3	203	0.000000	0.000000	0.000000	0.000000	0.000000	0.000000	0.000000	1
61	0	3	16	0.000000	0.000000	0.000000	0.000000	-35.355539	149.174780	133.000000	1
62	0	3	203	0.000000	0.000000	0.000000	0.000000	0.000000	0.000000	0.000000	1
63	0	3	16	0.000000	0.000000	0.000000	0.000000	-35.356413	149.174804	133.000000	1
64	0	3	203	0.000000	0.000000	0.000000	0.000000	0.000000	0.000000	0.000000	1
65	0	3	16	0.000000	0.000000	0.000000	0.000000	-35.357287	149.174827	133.000000	1
66	0	3	203	0.000000	0.000000	0.000000	0.000000	0.000000	0.000000	0.000000	1
67	0	3	16	0.000000	0.000000	0.000000	0.000000	-35.358161	149.174850	133.000000	1
68	0	3	203	0.000000	0.000000	0.000000	0.000000	0.000000	0.000000	0.000000	1
69	0	3	16	0.000000	0.000000	0.000000	0.000000	-35.359035	149.174874	133.000000	1
70	0	3	203	0.000000	0.000000	0.000000	0.000000	0.000000	0.000000	0.000000	1
71	0	3	16	0.000000	0.000000	0.000000	0.000000	-35.359909	149.174897	133.000000	1
72	0	3	203	0.000000	0.000000	0.000000	0.000000	0.000000	0.000000	0.000000	1
73	0	3	16	0.000000	0.000000	0.000000	0.000000	-35.360344	149.174909	133.000000	1
74	0	3	16	0.000000	0.000000	0.000000	0.000000	-35.361574	149.173565	133.000000	1
75	0	3	16	0.000000	0.000000	0.000000	0.000000	-35.360880	149.173546	133.000000	1
76	0	3	203	0.000000	0.000000	0.000000	0.000000	0.000000	0.000000	0.000000	1
77	0	3	16	0.000000	0.000000	0.000000	0.000000	-35.360006	149.173523	133.000000	1
78	0	3	203	0.000000	0.000000	0.000000	0.000000	0.000000	0.000000	0.000000	1
79	0	3	16	0.000000	0.000000	0.000000	0.000000	-35.359132	149.173499	133.000000	1
80	0	3	203	0.000000	0.000000	0.000000	0.000000	0.000000	0.000000	0.000000	1
81	0	3	16	0.000000	0.000000	0.000000	0.000000	-35.358258	149.173476	133.000000	1
82	0	3	203	0.000000	0.000000	0.000000	0.000000	0.000000	0.000000	0.000000	1
83	0	3	16	0.000000	0.000000	0.000000	0.000000	-35.357384	149.173452	133.000000	1
84	0	3	203	0.000000	0.000000	0.000000	0.000000	0.000000	0.000000	0.000000	1
85	0	3	16	0.000000	0.000000	0.000000	0.000000	-35.356510	149.173429	133.000000	1
86	0	3	203	0.000000	0.000000	0.000000	0.000000	0.000000	0.000000	0.000000	1
87	0	3	16	0.000000	0.000000	0.000000	0.000000	-35.355636	149.173406	133.000000	1
88	0	3	203	0.000000	0.000000	0.000000	0.000000	0.000000	0.000000	0.000000	1
89	0	3	16	0.000000	0.000000	0.000000	0.000000	-35.354762	149.173382	133.000000	1
90	0	3	203	0.000000	0.000000	0.000000	0.000000	0.000000	0.000000	0.000000	1
91	0	3	16	0.000000	0.000000	0.000000	0.000000	-35.353888	149.173359	133.000000	1
92	0	3	203	0.000000	0.000000	0.000000	0.000000	0.000000	0.000000	0.000000	1
93	0	3	16	0.000000	0.000000	0.000000	0.000000	-35.353014	149.173335	133.000000	1
94	0	3	203	0.000000	0.000000	0.000000	0.000000	0.000000	0.000000	0.000000	1
95	0	3	16	0.000000	0.000000	0.000000	0.000000	-35.352140	149.173312	133.000000	1
96	0	3	203	0.000000	0.000000	0.000000	0.000000	0.000000	0.000000	0.000000	1
97	0	3	16	0.000000	0.000000	0.000000	0.000000	-35.351266	149.173288	133.000000	1
98	0	3	203	0.000000	0.000000	0.000000	0.000000	0.000000	0.000000	0.000000	1
99	0	3	16	0.000000	0.000000	0.000000	0.000000	-35.350392	149.173265	133.000000	1
100	0	3	203	0.000000	0.000000	0.000000	0.000000	0.000000	0.000000	0.000000	1
101	0	3	16	0.000000	0.000000	0.000000	0.000000	-35.349518	149.173242	133.000000	1
102	0	3	203	0.000000	0.000000	0.000000	0.000000	0.000000	0.000000	0.000000	1
103	0	3	16	0.000000	0.000000	0.000000	0.000000	-35.349027	149.173228	133.000000	1
104	0	3	16	0.000000	0.000000	0.000000	0.000000	-35.346678	149.171789	133.000000	1
105	0	3	16	0.000000	0.000000	0.000000	0.000000	-35.346804	149.171792	133.000000	1
106	0	3	203	0.000000	0.000000	0.000000	0.000000	0.000000	0.000000	0.000000	1
107	0	3	16	0.000000	0.000000	0.000000	0.000000	-35.347678	149.171815	133.000000	1
108	0	3	203	0.000000	0.000000	0.000000	0.000000	0.000000	0.000000	0.000000	1
109	0	3	16	0.000000	0.000000	0.000000	0.000000	-35.348552	149.171839	133.000000	1
110	0	3	203	0.000000	0.000000	0.000000	0.000000	0.000000	0.000000	0.000000	1
111	0	3	16	0.000000	0.000000	0.000000	0.000000	-35.349426	149.171862	133.000000	1
112	0	3	203	0.000000	0.000000	0.000000	0.000000	0.000000	0.000000	0.000000	1
113	0	3	16	0.000000	0.000000	0.000000	0.000000	-35.350300	149.171886	133.000000	1
114	0	3	203	0.000000	0.000000	0.000000	0.000000	0.000000	0.000000	0.000000	1
115	0	3	16	0.000000	0.000000	0.000000	0.000000	-35.351174	149.171909	133.000000	1
116	0	3	203	0.000000	0.000000	0.000000	0.000000	0.000000	0.000000	0.000000	1
117	0	3	16	0.000000	0.000000	0.000000	0.000000	-35.352048	149.171932	133.000000	1
118	0	3	203	0.000000	0.000000	0.000000	0.000000	0.000000	0.000000	0.000000	1
119	0	3	16	0.000000	0.000000	0.000000	0.000000	-35.352922	149.171956	133.000000	1
120	0	3	203	0.000000	0.000000	0.000000	0.000000	0.000000	0.000000	0.000000	1
121	0	3	16	0.000000	0.000000	0.000000	0.000000	-35.353796	149.171979	133.000000	1
122	0	3	203	0.000000	0.000000	0.000000	0.000000	0.000000	0.000000	0.000000	1
123	0	3	16	0.000000	0.000000	0.000000	0.000000	-35.354670	149.172003	133.000000	1
124	0	3	203	0.000000	0.000000	0.000000	0.000000	0.000000	0.000000	0.000000	1
125	0	3	16	0.000000	0.000000	0.000000	0.000000	-35.355544	149.172026	133.000000	1
126	0	3	203	0.000000	0.000000	0.000000	0.000000	0.000000	0.000000	0.000000	1
127	0	3	16	0.000000	0.000000	0.000000	0.000000	-35.356418	149.172049	133.000000	1
128	0	3	203	0.000000	0.000000	0.000000	0.000000	0.000000	0.000000	0.000000	1
129	0	3	16	0.000000	0.000000	0.000000	0.000000	-35.357292	149.172073	133.000000	1
130	0	3	203	0.000000	0.000000	0.000000	0.000000	0.000000	0.000000	0.000000	1
131	0	3	16	0.000000	0.000000	0.000000	0.000000	-35.358166	149.172096	133.000000	1
132	0	3	203	0.000000	0.000000	0.000000	0.000000	0.000000	0.000000	0.000000	1
133	0	3	16	0.000000	0.000000	0.000000	0.000000	-35.359040	149.172120	133.000000	1
134	0	3	203	0.000000	0.000000	0.000000	0.000000	0.000000	0.000000	0.000000	1
135	0	3	16	0.000000	0.000000	0.000000	0.000000	-35.359914	149.172143	133.000000	1
136	0	3	203	0.000000	0.000000	0.000000	0.000000	0.000000	0.000000	0.000000	1
137	0	3	16	0.000000	0.000000	0.000000	0.000000	-35.360788	149.172167	133.000000	1
138	0	3	203	0.000000	0.000000	0.000000	0.000000	0.000000	0.000000	0.000000	1
139	0	3	16	0.000000	0.000000	0.000000	0.000000	-35.361662	149.172190	133.000000	1
140	0	3	203	0.000000	0.000000	0.000000	0.000000	0.000000	0.000000	0.000000	1
141	0	3	16	0.000000	0.000000	0.000000	0.000000	-35.361896	149.172196	133.000000	1
142	0	3	16	0.000000	0.000000	0.000000	0.000000	-35.361793	149.170816	133.000000	1
143	0	3	16	0.000000	0.000000	0.000000	0.000000	-35.360937	149.170793	133.000000	1
144	0	3	203	0.000000	0.000000	0.000000	0.000000	0.000000	0.000000	0.000000	1
145	0	3	16	0.000000	0.000000	0.000000	0.000000	-35.360063	149.170770	133.000000	1
146	0	3	203	0.000000	0.000000	0.000000	0.000000	0.000000	0.000000	0.000000	1
147	0	3	16	0.000000	0.000000	0.000000	0.000000	-35.359189	149.170746	133.000000	1
148	0	3	203	0.000000	0.000000	0.000000	0.000000	0.000000	0.000000	0.000000	1
149	0	3	16	0.000000	0.000000	0.000000	0.000000	-35.358315	149.170723	133.000000	1
150	0	3	203	0.000000	0.000000	0.000000	0.000000	0.000000	0.000000	0.000000	1
151	0	3	16	0.000000	0.000000	0.000000	0.000000	-35.357441	149.170700	133.000000	1
152	0	3	203	0.000000	0.000000	0.000000	0.000000	0.000000	0.000000	0.000000	1
153	0	3	16	0.000000	0.000000	0.000000	0.000000	-35.356567	149.170676	133.000000	1
154	0	3	203	0.000000	0.000000	0.000000	0.000000	0.000000	0.000000	0.000000	1
155	0	3	16	0.000000	0.000000	0.000000	0.000000	-35.355693	149.170653	133.000000	1
156	0	3	203	0.000000	0.000000	0.000000	0.000000	0.000000	0.000000	0.000000	1
157	0	3	16	0.000000	0.000000	0.000000	0.000000	-35.354819	149.170629	133.000000	1
158	0	3	203	0.000000	0.000000	0.000000	0.000000	0.000000	0.000000	0.000000	1
159	0	3	16	0.000000	0.000000	0.000000	0.000000	-35.353945	149.170606	133.000000	1
160	0	3	203	0.000000	0.000000	0.000000	0.000000	0.000000	0.000000	0.000000	1
161	0	3	16	0.000000	0.000000	0.000000	0.000000	-35.353071	149.170583	133.000000	1
162	0	3	203	0.000000	0.000000	0.000000	0.000000	0.000000	0.000000	0.000000	1
163	0	3	16	0.000000	0.000000	0.000000	0.000000	-35.352197	149.170559	133.000000	1
164	0	3	203	0.000000	0.000000	0.000000	0.000000	0.000000	0.000000	0.000000	1
165	0	3	16	0.000000	0.000000	0.000000	0.000000	-35.351323	149.170536	133.000000	1
166	0	3	203	0.000000	0.000000	0.000000	0.000000	0.000000	0.000000	0.000000	1
167	0	3	16	0.000000	0.000000	0.000000	0.000000	-35.350449	149.170513	133.000000	1
168	0	3	203	0.000000	0.000000	0.000000	0.000000	0.000000	0.000000	0.000000	1
169	0	3	16	0.000000	0.000000	0.000000	0.000000	-35.349575	149.170489	133.000000	1
170	0	3	203	0.000000	0.000000	0.000000	0.000000	0.000000	0.000000	0.000000	1
171	0	3	16	0.000000	0.000000	0.000000	0.000000	-35.348701	149.170466	133.000000	1
172	0	3	203	0.000000	0.000000	0.000000	0.000000	0.000000	0.000000	0.000000	1
173	0	3	16	0.000000	0.000000	0.000000	0.000000	-35.347827	149.170442	133.000000	1
174	0	3	203	0.000000	0.000000	0.000000	0.000000	0.000000	0.000000	0.000000	1
175	0	3	16	0.000000	0.000000	0.000000	0.000000	-35.346953	149.170419	133.000000	1
176	0	3	203	0.000000	0.000000	0.000000	0.000000	0.000000	0.000000	0.000000	1
177	0	3	16	0.000000	0.000000	0.000000	0.000000	-35.346620	149.170410	133.000000	1
178	0	3	16	0.000000	0.000000	0.000000	0.000000	-35.346756	149.169037	133.000000	1
179	0	3	16	0.000000	0.000000	0.000000	0.000000	-35.346855	149.169039	133.000000	1
180	0	3	203	0.000000	0.000000	0.000000	0.000000	0.000000	0.000000	0.000000	1
181	0	3	16	0.000000	0.000000	0.000000	0.000000	-35.347729	149.169063	133.000000	1
182	0	3	203	0.000000	0.000000	0.000000	0.000000	0.000000	0.000000	0.000000	1
183	0	3	16	0.000000	0.000000	0.000000	0.000000	-35.348603	149.169086	133.000000	1
184	0	3	203	0.000000	0.000000	0.000000	0.000000	0.000000	0.000000	0.000000	1
185	0	3	16	0.000000	0.000000	0.000000	0.000000	-35.349477	149.169109	133.000000	1
186	0	3	203	0.000000	0.000000	0.000000	0.000000	0.000000	0.000000	0.000000	1
187	0	3	16	0.000000	0.000000	0.000000	0.000000	-35.350351	149.169133	133.000000	1
188	0	3	203	0.000000	0.000000	0.000000	0.000000	0.000000	0.000000	0.000000	1
189	0	3	16	0.000000	0.000000	0.000000	0.000000	-35.351225	149.169156	133.000000	1
190	0	3	203	0.000000	0.000000	0.000000	0.000000	0.000000	0.000000	0.000000	1
191	0	3	16	0.000000	0.000000	0.000000	0.000000	-35.352099	149.169180	133.000000	1
192	0	3	203	0.000000	0.000000	0.000000	0.000000	0.000000	0.000000	0.000000	1
193	0	3	16	0.000000	0.000000	0.000000	0.000000	-35.352973	149.169203	133.000000	1
194	0	3	203	0.000000	0.000000	0.000000	0.000000	0.000000	0.000000	0.000000	1
195	0	3	16	0.000000	0.000000	0.000000	0.000000	-35.353847	149.169226	133.000000	1
196	0	3	203	0.000000	0.000000	0.000000	0.000000	0.000000	0.000000	0.000000	1
197	0	3	16	0.000000	0.000000	0.000000	0.000000	-35.354721	149.169250	133.000000	1
198	0	3	203	0.000000	0.000000	0.000000	0.000000	0.000000	0.000000	0.000000	1
199	0	3	16	0.000000	0.000000	0.000000	0.000000	-35.355595	149.169273	133.000000	1
200	0	3	203	0.000000	0.000000	0.000000	0.000000	0.000000	0.000000	0.000000	1
201	0	3	16	0.000000	0.000000	0.000000	0.000000	-35.356469	149.169297	133.000000	1
202	0	3	203	0.000000	0.000000	0.000000	0.000000	0.000000	0.000000	0.000000	1
203	0	3	16	0.000000	0.000000	0.000000	0.000000	-35.357343	149.169320	133.000000	1
204	0	3	203	0.000000	0.000000	0.000000	0.000000	0.000000	0.000000	0.000000	1
205	0	3	16	0.000000	0.000000	0.000000	0.000000	-35.358217	149.169343	133.000000	1
206	0	3	203	0.000000	0.000000	0.000000	0.000000	0.000000	0.000000	0.000000	1
207	0	3	16	0.000000	0.000000	0.000000	0.000000	-35.359091	149.169367	133.000000	1
208	0	3	203	0.000000	0.000000	0.000000	0.000000	0.000000	0.000000	0.000000	1
209	0	3	16	0.000000	0.000000	0.000000	0.000000	-35.359965	149.169390	133.000000	1
210	0	3	203	0.000000	0.000000	0.000000	0.000000	0.000000	0.000000	0.000000	1
211	0	3	16	0.000000	0.000000	0.000000	0.000000	-35.360839	149.169413	133.000000	1
212	0	3	203	0.000000	0.000000	0.000000	0.000000	0.000000	0.000000	0.000000	1
213	0	3	16	0.000000	0.000000	0.000000	0.000000	-35.361690	149.169436	133.000000	1
214	0	3	16	0.000000	0.000000	0.000000	0.000000	-35.361587	149.168056	133.000000	1
215	0	3	16	0.000000	0.000000	0.000000	0.000000	-35.360983	149.168040	133.000000	1
216	0	3	203	0.000000	0.000000	0.000000	0.000000	0.000000	0.000000	0.000000	1
217	0	3	16	0.000000	0.000000	0.000000	0.000000	-35.360109	149.168017	133.000000	1
218	0	3	203	0.000000	0.000000	0.000000	0.000000	0.000000	0.000000	0.000000	1
219	0	3	16	0.000000	0.000000	0.000000	0.000000	-35.359235	149.167993	133.000000	1
220	0	3	203	0.000000	0.000000	0.000000	0.000000	0.000000	0.000000	0.000000	1
221	0	3	16	0.000000	0.000000	0.000000	0.000000	-35.358361	149.167970	133.000000	1
222	0	3	203	0.000000	0.000000	0.000000	0.000000	0.000000	0.000000	0.000000	1
223	0	3	16	0.000000	0.000000	0.000000	0.000000	-35.357487	149.167947	133.000000	1
224	0	3	203	0.000000	0.000000	0.000000	0.000000	0.000000	0.000000	0.000000	1
225	0	3	16	0.000000	0.000000	0.000000	0.000000	-35.356613	149.167923	133.000000	1
226	0	3	203	0.000000	0.000000	0.000000	0.000000	0.000000	0.000000	0.000000	1
227	0	3	16	0.000000	0.000000	0.000000	0.000000	-35.355739	149.167900	133.000000	1
228	0	3	203	0.000000	0.000000	0.000000	0.000000	0.000000	0.000000	0.000000	1
229	0	3	16	0.000000	0.000000	0.000000	0.000000	-35.354865	149.167876	133.000000	1
230	0	3	203	0.000000	0.000000	0.000000	0.000000	0.000000	0.000000	0.000000	1
231	0	3	16	0.000000	0.000000	0.000000	0.000000	-35.353991	149.167853	133.000000	1
232	0	3	203	0.000000	0.000000	0.000000	0.000000	0.000000	0.000000	0.000000	1
233	0	3	16	0.000000	0.000000	0.000000	0.000000	-35.353117	149.167830	133.000000	1
234	0	3	203	0.000000	0.000000	0.000000	0.000000	0.000000	0.000000	0.000000	1
235	0	3	16	0.000000	0.000000	0.000000	0.000000	-35.352243	149.167806	133.000000	1
236	0	3	203	0.000000	0.000000	0.000000	0.000000	0.000000	0.000000	0.000000	1
237	0	3	16	0.000000	0.000000	0.000000	0.000000	-35.351369	149.167783	133.000000	1
238	0	3	203	0.000000	0.000000	0.000000	0.000000	0.000000	0.000000	0.000000	1
239	0	3	16	0.000000	0.000000	0.000000	0.000000	-35.350495	149.167760	133.000000	1
240	0	3	203	0.000000	0.000000	0.000000	0.000000	0.000000	0.000000	0.000000	1
241	0	3	16	0.000000	0.000000	0.000000	0.000000	-35.349621	149.167736	133.000000	1
242	0	3	203	0.000000	0.000000	0.000000	0.000000	0.000000	0.000000	0.000000	1
243	0	3	16	0.000000	0.000000	0.000000	0.000000	-35.348747	149.167713	133.000000	1
244	0	3	203	0.000000	0.000000	0.000000	0.000000	0.000000	0.000000	0.000000	1
245	0	3	16	0.000000	0.000000	0.000000	0.000000	-35.347873	149.167690	133.000000	1
246	0	3	203	0.000000	0.000000	0.000000	0.000000	0.000000	0.000000	0.000000	1
247	0	3	16	0.000000	0.000000	0.000000	0.000000	-35.346999	149.167666	133.000000	1
248	0	3	203	0.000000	0.000000	0.000000	0.000000	0.000000	0.000000	0.000000	1
249	0	3	16	0.000000	0.000000	0.000000	0.000000	-35.346891	149.167663	133.000000	1
250	0	3	16	0.000000	0.000000	0.000000	0.000000	-35.347026	149.166290	133.000000	1
251	0	3	16	0.000000	0.000000	0.000000	0.000000	-35.347783	149.166310	133.000000	1
252	0	3	203	0.000000	0.000000	0.000000	0.000000	0.000000	0.000000	0.000000	1
253	0	3	16	0.000000	0.000000	0.000000	0.000000	-35.348657	149.166334	133.000000	1
254	0	3	203	0.000000	0.000000	0.000000	0.000000	0.000000	0.000000	0.000000	1
255	0	3	16	0.000000	0.000000	0.000000	0.000000	-35.349531	149.166357	133.000000	1
256	0	3	203	0.000000	0.000000	0.000000	0.000000	0.000000	0.000000	0.000000	1
257	0	3	16	0.000000	0.000000	0.000000	0.000000	-35.350405	149.166380	133.000000	1
258	0	3	203	0.000000	0.000000	0.000000	0.000000	0.000000	0.000000	0.000000	1
259	0	3	16	0.000000	0.000000	0.000000	0.000000	-35.351279	149.166404	133.000000	1
260	0	3	203	0.000000	0.000000	0.000000	0.000000	0.000000	0.000000	0.000000	1
261	0	3	16	0.000000	0.000000	0.000000	0.000000	-35.352153	149.166427	133.000000	1
262	0	3	203	0.000000	0.000000	0.000000	0.000000	0.000000	0.000000	0.000000	1
263	0	3	16	0.000000	0.000000	0.000000	0.000000	-35.353027	149.166450	133.000000	1
264	0	3	203	0.000000	0.000000	0.000000	0.000000	0.000000	0.000000	0.000000	1
265	0	3	16	0.000000	0.000000	0.000000	0.000000	-35.353901	149.166474	133.000000	1
266	0	3	203	0.000000	0.000000	0.000000	0.000000	0.000000	0.000000	0.000000	1
267	0	3	16	0.000000	0.000000	0.000000	0.000000	-35.354775	149.166497	133.000000	1
268	0	3	203	0.000000	0.000000	0.000000	0.000000	0.000000	0.000000	0.000000	1
269	0	3	16	0.000000	0.000000	0.000000	0.000000	-35.355649	149.166520	133.000000	1
270	0	3	203	0.000000	0.000000	0.000000	0.000000	0.000000	0.000000	0.000000	1
271	0	3	16	0.000000	0.000000	0.000000	0.000000	-35.356523	149.166544	133.000000	1
272	0	3	203	0.000000	0.000000	0.000000	0.000000	0.000000	0.000000	0.000000	1
273	0	3	16	0.000000	0.000000	0.000000	0.000000	-35.357397	149.166567	133.000000	1
274	0	3	203	0.000000	0.000000	0.000000	0.000000	0.000000	0.000000	0.000000	1
275	0	3	16	0.000000	0.000000	0.000000	0.000000	-35.358271	149.166590	133.000000	1
276	0	3	203	0.000000	0.000000	0.000000	0.000000	0.000000	0.000000	0.000000	1
277	0	3	16	0.000000	0.000000	0.000000	0.000000	-35.359145	149.166614	133.000000	1
278	0	3	203	0.000000	0.000000	0.000000	0.000000	0.000000	0.000000	0.000000	1
279	0	3	16	0.000000	0.000000	0.000000	0.000000	-35.360019	149.166637	133.000000	1
280	0	3	203	0.000000	0.000000	0.000000	0.000000	0.000000	0.000000	0.000000	1
281	0	3	16	0.000000	0.000000	0.000000	0.000000	-35.360893	149.166660	133.000000	1
282	0	3	203	0.000000	0.000000	0.000000	0.000000	0.000000	0.000000	0.000000	1
283	0	3	16	0.000000	0.000000	0.000000	0.000000	-35.361483	149.166676	133.000000	1
284	0	3	16	0.000000	0.000000	0.000000	0.000000	-35.361380	149.165296	133.000000	1
285	0	3	16	0.000000	0.000000	0.000000	0.000000	-35.361029	149.165287	133.000000	1
286	0	3	203	0.000000	0.000000	0.000000	0.000000	0.000000	0.000000	0.000000	1
287	0	3	16	0.000000	0.000000	0.000000	0.000000	-35.360155	149.165264	133.000000	1
288	0	3	203	0.000000	0.000000	0.000000	0.000000	0.000000	0.000000	0.000000	1
289	0	3	16	0.000000	0.000000	0.000000	0.000000	-35.359281	149.165240	133.000000	1
290	0	3	203	0.000000	0.000000	0.000000	0.000000	0.000000	0.000000	0.000000	1
291	0	3	16	0.000000	0.000000	0.000000	0.000000	-35.358407	149.165217	133.000000	1
292	0	3	203	0.000000	0.000000	0.000000	0.000000	0.000000	0.000000	0.000000	1
293	0	3	16	0.000000	0.000000	0.000000	0.000000	-35.357533	149.165193	133.000000	1
294	0	3	203	0.000000	0.000000	0.000000	0.000000	0.000000	0.000000	0.000000	1
295	0	3	16	0.000000	0.000000	0.000000	0.000000	-35.356659	149.165170	133.000000	1
296	0	3	203	0.000000	0.000000	0.000000	0.000000	0.000000	0.000000	0.000000	1
297	0	3	16	0.000000	0.000000	0.000000	0.000000	-35.355785	149.165147	133.000000	1
298	0	3	203	0.000000	0.000000	0.000000	0.000000	0.000000	0.000000	0.000000	1
299	0	3	16	0.000000	0.000000	0.000000	0.000000	-35.354911	149.165123	133.000000	1
300	0	3	203	0.000000	0.000000	0.000000	0.000000	0.000000	0.000000	0.000000	1
301	0	3	16	0.000000	0.000000	0.000000	0.000000	-35.354037	149.165100	133.000000	1
302	0	3	203	0.000000	0.000000	0.000000	0.000000	0.000000	0.000000	0.000000	1
303	0	3	16	0.000000	0.000000	0.000000	0.000000	-35.353163	149.165077	133.000000	1
304	0	3	203	0.000000	0.000000	0.000000	0.000000	0.000000	0.000000	0.000000	1
305	0	3	16	0.000000	0.000000	0.000000	0.000000	-35.352289	149.165053	133.000000	1
306	0	3	203	0.000000	0.000000	0.000000	0.000000	0.000000	0.000000	0.000000	1
307	0	3	16	0.000000	0.000000	0.000000	0.000000	-35.351415	149.165030	133.000000	1
308	0	3	203	0.000000	0.000000	0.000000	0.000000	0.000000	0.000000	0.000000	1
309	0	3	16	0.000000	0.000000	0.000000	0.000000	-35.350541	149.165007	133.000000	1
310	0	3	203	0.000000	0.000000	0.000000	0.000000	0.000000	0.000000	0.000000	1
311	0	3	16	0.000000	0.000000	0.000000	0.000000	-35.349667	149.164983	133.000000	1
312	0	3	203	0.000000	0.000000	0.000000	0.000000	0.000000	0.000000	0.000000	1
313	0	3	16	0.000000	0.000000	0.000000	0.000000	-35.348793	149.164960	133.000000	1
314	0	3	203	0.000000	0.000000	0.000000	0.000000	0.000000	0.000000	0.000000	1
315	0	3	16	0.000000	0.000000	0.000000	0.000000	-35.347919	149.164937	133.000000	1
316	0	3	203	0.000000	0.000000	0.000000	0.000000	0.000000	0.000000	0.000000	1
317	0	3	16	0.000000	0.000000	0.000000	0.000000	-35.347161	149.164917	133.000000	1
318	0	3	16	0.000000	0.000000	0.000000	0.000000	-35.347297	149.163543	133.000000	1
319	0	3	16	0.000000	0.000000	0.000000	0.000000	-35.347837	149.163558	133.000000	1
320	0	3	203	0.000000	0.000000	0.000000	0.000000	0.000000	0.000000	0.000000	1
321	0	3	16	0.000000	0.000000	0.000000	0.000000	-35.348711	149.163581	133.000000	1
322	0	3	203	0.000000	0.000000	0.000000	0.000000	0.000000	0.000000	0.000000	1
323	0	3	16	0.000000	0.000000	0.000000	0.000000	-35.349585	149.163604	133.000000	1
324	0	3	203	0.000000	0.000000	0.000000	0.000000	0.000000	0.000000	0.000000	1
325	0	3	16	0.000000	0.000000	0.000000	0.000000	-35.350459	149.163628	133.000000	1
326	0	3	203	0.000000	0.000000	0.000000	0.000000	0.000000	0.000000	0.000000	1
327	0	3	16	0.000000	0.000000	0.000000	0.000000	-35.351333	149.163651	133.000000	1
328	0	3	203	0.000000	0.000000	0.000000	0.000000	0.000000	0.000000	0.000000	1
329	0	3	16	0.000000	0.000000	0.000000	0.000000	-35.352207	149.163674	133.000000	1
330	0	3	203	0.000000	0.000000	0.000000	0.000000	0.000000	0.000000	0.000000	1
331	0	3	16	0.000000	0.000000	0.000000	0.000000	-35.353081	149.163698	133.000000	1
332	0	3	203	0.000000	0.000000	0.000000	0.000000	0.000000	0.000000	0.000000	1
333	0	3	16	0.000000	0.000000	0.000000	0.000000	-35.353955	149.163721	133.000000	1
334	0	3	203	0.000000	0.000000	0.000000	0.000000	0.000000	0.000000	0.000000	1
335	0	3	16	0.000000	0.000000	0.000000	0.000000	-35.354829	149.163744	133.000000	1
336	0	3	203	0.000000	0.000000	0.000000	0.000000	0.000000	0.000000	0.000000	1
337	0	3	16	0.000000	0.000000	0.000000	0.000000	-35.355703	149.163767	133.000000	1
338	0	3	203	0.000000	0.000000	0.000000	0.000000	0.000000	0.000000	0.000000	1
339	0	3	16	0.000000	0.000000	0.000000	0.000000	-35.356577	149.163791	133.000000	1
340	0	3	203	0.000000	0.000000	0.000000	0.000000	0.000000	0.000000	0.000000	1
341	0	3	16	0.000000	0.000000	0.000000	0.000000	-35.357451	149.163814	133.000000	1
342	0	3	203	0.000000	0.000000	0.000000	0.000000	0.000000	0.000000	0.000000	1
343	0	3	16	0.000000	0.000000	0.000000	0.000000	-35.358325	149.163837	133.000000	1
344	0	3	203	0.000000	0.000000	0.000000	0.000000	0.000000	0.000000	0.000000	1
345	0	3	16	0.000000	0.000000	0.000000	0.000000	-35.359199	149.163861	133.000000	1
346	0	3	203	0.000000	0.000000	0.000000	0.000000	0.000000	0.000000	0.000000	1
347	0	3	16	0.000000	0.000000	0.000000	0.000000	-35.360073	149.163884	133.000000	1
348	0	3	203	0.000000	0.000000	0.000000	0.000000	0.000000	0.000000	0.000000	1
349	0	3	16	0.000000	0.000000	0.000000	0.000000	-35.360947	149.163907	133.000000	1
350	0	3	203	0.000000	0.000000	0.000000	0.000000	0.000000	0.000000	0.000000	1
351	0	3	16	0.000000	0.000000	0.000000	0.000000	-35.361277	149.163916	133.000000	1
352	0	3	16	0.000000	0.000000	0.000000	0.000000	-35.361174	149.162536	133.000000	1
353	0	3	16	0.000000	0.000000	0.000000	0.000000	-35.361084	149.162534	133.000000	1
354	0	3	203	0.000000	0.000000	0.000000	0.000000	0.000000	0.000000	0.000000	1
355	0	3	16	0.000000	0.000000	0.000000	0.000000	-35.360210	149.162511	133.000000	1
356	0	3	203	0.000000	0.000000	0.000000	0.000000	0.000000	0.000000	0.000000	1
357	0	3	16	0.000000	0.000000	0.000000	0.000000	-35.359336	149.162487	133.000000	1
358	0	3	203	0.000000	0.000000	0.000000	0.000000	0.000000	0.000000	0.000000	1
359	0	3	16	0.000000	0.000000	0.000000	0.000000	-35.358462	149.162464	133.000000	1
360	0	3	203	0.000000	0.000000	0.000000	0.000000	0.000000	0.000000	0.000000	1
361	0	3	16	0.000000	0.000000	0.000000	0.000000	-35.357588	149.162441	133.000000	1
362	0	3	203	0.000000	0.000000	0.000000	0.000000	0.000000	0.000000	0.000000	1
363	0	3	16	0.000000	0.000000	0.000000	0.000000	-35.356714	149.162417	133.000000	1
364	0	3	203	0.000000	0.000000	0.000000	0.000000	0.000000	0.000000	0.000000	1
365	0	3	16	0.000000	0.000000	0.000000	0.000000	-35.355840	149.162394	133.000000	1
366	0	3	203	0.000000	0.000000	0.000000	0.000000	0.000000	0.000000	0.000000	1
367	0	3	16	0.000000	0.000000	0.000000	0.000000	-35.354966	149.162371	133.000000	1
368	0	3	203	0.000000	0.000000	0.000000	0.000000	0.000000	0.000000	0.000000	1
369	0	3	16	0.000000	0.000000	0.000000	0.000000	-35.354092	149.162347	133.000000	1
370	0	3	203	0.000000	0.000000	0.000000	0.000000	0.000000	0.000000	0.000000	1
371	0	3	16	0.000000	0.000000	0.000000	0.000000	-35.353218	149.162324	133.000000	1
372	0	3	203	0.000000	0.000000	0.000000	0.000000	0.000000	0.000000	0.000000	1
373	0	3	16	0.000000	0.000000	0.000000	0.000000	-35.352344	149.162301	133.000000	1
374	0	3	203	0.000000	0.000000	0.000000	0.000000	0.000000	0.000000	0.000000	1
375	0	3	16	0.000000	0.000000	0.000000	0.000000	-35.351470	149.162277	133.000000	1
376	0	3	203	0.000000	0.000000	0.000000	0.000000	0.000000	0.000000	0.000000	1
377	0	3	16	0.000000	0.000000	0.000000	0.000000	-35.350596	149.162254	133.000000	1
378	0	3	203	0.000000	0.000000	0.000000	0.000000	0.000000	0.000000	0.000000	1
379	0	3	16	0.000000	0.000000	0.000000	0.000000	-35.349722	149.162231	133.000000	1
380	0	3	203	0.000000	0.000000	0.000000	0.000000	0.000000	0.000000	0.000000	1
381	0	3	16	0.000000	0.000000	0.000000	0.000000	-35.348848	149.162208	133.000000	1
382	0	3	203	0.000000	0.000000	0.000000	0.000000	0.000000	0.000000	0.000000	1
383	0	3	16	0.000000	0.000000	0.000000	0.000000	-35.347973	149.162184	133.000000	1
384	0	3	203	0.000000	0.000000	0.000000	0.000000	0.000000	0.000000	0.000000	1
385	0	3	16	0.000000	0.000000	0.000000	0.000000	-35.347432	149.162170	133.000000	1
386	0	3	16	0.000000	0.000000	0.000000	0.000000	-35.347567	149.160796	133.000000	1
387	0	3	16	0.000000	0.000000	0.000000	0.000000	-35.347882	149.160805	133.000000	1
388	0	3	203	0.000000	0.000000	0.000000	0.000000	0.000000	0.000000	0.000000	1
389	0	3	16	0.000000	0.000000	0.000000	0.000000	-35.348756	149.160828	133.000000	1
390	0	3	203	0.000000	0.000000	0.000000	0.000000	0.000000	0.000000	0.000000	1
391	0	3	16	0.000000	0.000000	0.000000	0.000000	-35.349630	149.160851	133.000000	1
392	0	3	203	0.000000	0.000000	0.000000	0.000000	0.000000	0.000000	0.000000	1
393	0	3	16	0.000000	0.000000	0.000000	0.000000	-35.350504	149.160875	133.000000	1
394	0	3	203	0.000000	0.000000	0.000000	0.000000	0.000000	0.000000	0.000000	1
395	0	3	16	0.000000	0.000000	0.000000	0.000000	-35.351378	149.160898	133.000000	1
396	0	3	203	0.000000	0.000000	0.000000	0.000000	0.000000	0.000000	0.000000	1
397	0	3	16	0.000000	0.000000	0.000000	0.000000	-35.352252	149.160921	133.000000	1
398	0	3	203	0.000000	0.000000	0.000000	0.000000	0.000000	0.000000	0.000000	1
399	0	3	16	0.000000	0.000000	0.000000	0.000000	-35.353126	149.160945	133.000000	1
400	0	3	203	0.000000	0.000000	0.000000	0.000000	0.000000	0.000000	0.000000	1
401	0	3	16	0.000000	0.000000	0.000000	0.000000	-35.354001	149.160968	133.000000	1
402	0	3	203	0.000000	0.000000	0.000000	0.000000	0.000000	0.000000	0.000000	1
403	0	3	16	0.000000	0.000000	0.000000	0.000000	-35.354875	149.160991	133.000000	1
404	0	3	203	0.000000	0.000000	0.000000	0.000000	0.000000	0.000000	0.000000	1
405	0	3	16	0.000000	0.000000	0.000000	0.000000	-35.355749	149.161014	133.000000	1
406	0	3	203	0.000000	0.000000	0.000000	0.000000	0.000000	0.000000	0.000000	1
407	0	3	16	0.000000	0.000000	0.000000	0.000000	-35.356623	149.161038	133.000000	1
408	0	3	203	0.000000	0.000000	0.000000	0.000000	0.000000	0.000000	0.000000	1
409	0	3	16	0.000000	0.000000	0.000000	0.000000	-35.357497	149.161061	133.000000	1
410	0	3	203	0.000000	0.000000	0.000000	0.000000	0.000000	0.000000	0.000000	1
411	0	3	16	0.000000	0.000000	0.000000	0.000000	-35.358371	149.161084	133.000000	1
412	0	3	203	0.000000	0.000000	0.000000	0.000000	0.000000	0.000000	0.000000	1
413	0	3	16	0.000000	0.000000	0.000000	0.000000	-35.359245	149.161108	133.000000	1
414	0	3	203	0.000000	0.000000	0.000000	0.000000	0.000000	0.000000	0.000000	1
415	0	3	16	0.000000	0.000000	0.000000	0.000000	-35.360119	149.161131	133.000000	1
416	0	3	203	0.000000	0.000000	0.000000	0.000000	0.000000	0.000000	0.000000	1
417	0	3	16	0.000000	0.000000	0.000000	0.000000	-35.360993	149.161154	133.000000	1
418	0	3	203	0.000000	0.000000	0.000000	0.000000	0.000000	0.000000	0.000000	1
419	0	3	16	0.000000	0.000000	0.000000	0.000000	-35.361071	149.161156	133.000000	1
420	0	3	16	0.000000	0.000000	0.000000	0.000000	-35.360967	149.159776	133.000000	1
421	0	3	16	0.000000	0.000000	0.000000	0.000000	-35.360247	149.159757	133.000000	1
422	0	3	203	0.000000	0.000000	0.000000	0.000000	0.000000	0.000000	0.000000	1
423	0	3	16	0.000000	0.000000	0.000000	0.000000	-35.359373	149.159734	133.000000	1
424	0	3	203	0.000000	0.000000	0.000000	0.000000	0.000000	0.000000	0.000000	1
425	0	3	16	0.000000	0.000000	0.000000	0.000000	-35.358499	149.159711	133.000000	1
426	0	3	203	0.000000	0.000000	0.000000	0.000000	0.000000	0.000000	0.000000	1
427	0	3	16	0.000000	0.000000	0.000000	0.000000	-35.357624	149.159687	133.000000	1
428	0	3	203	0.000000	0.000000	0.000000	0.000000	0.000000	0.000000	0.000000	1
429	0	3	16	0.000000	0.000000	0.000000	0.000000	-35.356750	149.159664	133.000000	1
430	0	3	203	0.000000	0.000000	0.000000	0.000000	0.000000	0.000000	0.000000	1
431	0	3	16	0.000000	0.000000	0.000000	0.000000	-35.355876	149.159641	133.000000	1
432	0	3	203	0.000000	0.000000	0.000000	0.000000	0.000000	0.000000	0.000000	1
433	0	3	16	0.000000	0.000000	0.000000	0.000000	-35.355002	149.159617	133.000000	1
434	0	3	203	0.000000	0.000000	0.000000	0.000000	0.000000	0.000000	0.000000	1
435	0	3	16	0.000000	0.000000	0.000000	0.000000	-35.354128	149.159594	133.000000	1
436	0	3	203	0.000000	0.000000	0.000000	0.000000	0.000000	0.000000	0.000000	1
437	0	3	16	0.000000	0.000000	0.000000	0.000000	-35.353254	149.159571	133.000000	1
438	0	3	203	0.000000	0.000000	0.000000	0.000000	0.000000	0.000000	0.000000	1
439	0	3	16	0.000000	0.000000	0.000000	0.000000	-35.352380	149.159548	133.000000	1
440	0	3	203	0.000000	0.000000	0.000000	0.000000	0.000000	0.000000	0.000000	1
441	0	3	16	0.000000	0.000000	0.000000	0.000000	-35.351506	149.159524	133.000000	1
442	0	3	203	0.000000	0.000000	0.000000	0.000000	0.000000	0.000000	0.000000	1
443	0	3	16	0.000000	0.000000	0.000000	0.000000	-35.350632	149.159501	133.000000	1
444	0	3	203	0.000000	0.000000	0.000000	0.000000	0.000000	0.000000	0.000000	1
445	0	3	16	0.000000	0.000000	0.000000	0.000000	-35.349758	149.159478	133.000000	1
446	0	3	203	0.000000	0.000000	0.000000	0.000000	0.000000	0.000000	0.000000	1
447	0	3	16	0.000000	0.000000	0.000000	0.000000	-35.348884	149.159454	133.000000	1
448	0	3	203	0.000000	0.000000	0.000000	0.000000	0.000000	0.000000	0.000000	1
449	0	3	16	0.000000	0.000000	0.000000	0.000000	-35.348010	149.159431	133.000000	1
450	0	3	203	0.000000	0.000000	0.000000	0.000000	0.000000	0.000000	0.000000	1
451	0	3	16	0.000000	0.000000	0.000000	0.000000	-35.347702	149.159423	133.000000	1
452	0	3	16	0.000000	0.000000	0.000000	0.000000	-35.347837	149.158050	133.000000	1
453	0	3	16	0.000000	0.000000	0.000000	0.000000	-35.347927	149.158052	133.000000	1
454	0	3	203	0.000000	0.000000	0.000000	0.000000	0.000000	0.000000	0.000000	1
455	0	3	16	0.000000	0.000000	0.000000	0.000000	-35.348801	149.158075	133.000000	1
456	0	3	203	0.000000	0.000000	0.000000	0.000000	0.000000	0.000000	0.000000	1
457	0	3	16	0.000000	0.000000	0.000000	0.000000	-35.349676	149.158099	133.000000	1
458	0	3	203	0.000000	0.000000	0.000000	0.000000	0.000000	0.000000	0.000000	1
459	0	3	16	0.000000	0.000000	0.000000	0.000000	-35.350550	149.158122	133.000000	1
460	0	3	203	0.000000	0.000000	0.000000	0.000000	0.000000	0.000000	0.000000	1
461	0	3	16	0.000000	0.000000	0.000000	0.000000	-35.351424	149.158145	133.000000	1
462	0	3	203	0.000000	0.000000	0.000000	0.000000	0.000000	0.000000	0.000000	1
463	0	3	16	0.000000	0.000000	0.000000	0.000000	-35.352298	149.158168	133.000000	1
464	0	3	203	0.000000	0.000000	0.000000	0.000000	0.000000	0.000000	0.000000	1
465	0	3	16	0.000000	0.000000	0.000000	0.000000	-35.353172	149.158192	133.000000	1
466	0	3	203	0.000000	0.000000	0.000000	0.000000	0.000000	0.000000	0.000000	1
467	0	3	16	0.000000	0.000000	0.000000	0.000000	-35.354046	149.158215	133.000000	1
468	0	3	203	0.000000	0.000000	0.000000	0.000000	0.000000	0.000000	0.000000	1
469	0	3	16	0.000000	0.000000	0.000000	0.000000	-35.354920	149.158238	133.000000	1
470	0	3	203	0.000000	0.000000	0.000000	0.000000	0.000000	0.000000	0.000000	1
471	0	3	16	0.000000	0.000000	0.000000	0.000000	-35.355794	149.158261	133.000000	1
472	0	3	203	0.000000	0.000000	0.000000	0.000000	0.000000	0.000000	0.000000	1
473	0	3	16	0.000000	0.000000	0.000000	0.000000	-35.356668	149.158285	133.000000	1
474	0	3	203	0.000000	0.000000	0.000000	0.000000	0.000000	0.000000	0.000000	1
475	0	3	16	0.000000	0.000000	0.000000	0.000000	-35.357542	149.158308	133.000000	1
476	0	3	203	0.000000	0.000000	0.000000	0.000000	0.000000	0.000000	0.000000	1
477	0	3	16	0.000000	0.000000	0.000000	0.000000	-35.358416	149.158331	133.000000	1
478	0	3	203	0.000000	0.000000	0.000000	0.000000	0.000000	0.000000	0.000000	1
479	0	3	16	0.000000	0.000000	0.000000	0.000000	-35.359290	149.158354	133.000000	1
480	0	3	203	0.000000	0.000000	0.000000	0.000000	0.000000	0.000000	0.000000	1
481	0	3	16	0.000000	0.000000	0.000000	0.000000	-35.360164	149.158378	133.000000	1
482	0	3	203	0.000000	0.000000	0.000000	0.000000	0.000000	0.000000	0.000000	1
483	0	3	16	0.000000	0.000000	0.000000	0.000000	-35.360864	149.158396	133.000000	1
484	0	3	16	0.000000	0.000000	0.000000	0.000000	-35.360761	149.157016	133.000000	1
485	0	3	16	0.000000	0.000000	0.000000	0.000000	-35.360301	149.157004	133.000000	1
486	0	3	203	0.000000	0.000000	0.000000	0.000000	0.000000	0.000000	0.000000	1
487	0	3	16	0.000000	0.000000	0.000000	0.000000	-35.359427	149.156981	133.000000	1
488	0	3	203	0.000000	0.000000	0.000000	0.000000	0.000000	0.000000	0.000000	1
489	0	3	16	0.000000	0.000000	0.000000	0.000000	-35.358553	149.156958	133.000000	1
490	0	3	203	0.000000	0.000000	0.000000	0.000000	0.000000	0.000000	0.000000	1
491	0	3	16	0.000000	0.000000	0.000000	0.000000	-35.357679	149.156934	133.000000	1
492	0	3	203	0.000000	0.000000	0.000000	0.000000	0.000000	0.000000	0.000000	1
493	0	3	16	0.000000	0.000000	0.000000	0.000000	-35.356805	149.156911	133.000000	1
494	0	3	203	0.000000	0.000000	0.000000	0.000000	0.000000	0.000000	0.000000	1
495	0	3	16	0.000000	0.000000	0.000000	0.000000	-35.355931	149.156888	133.000000	1
496	0	3	203	0.000000	0.000000	0.000000	0.000000	0.000000	0.000000	0.000000	1
497	0	3	16	0.000000	0.000000	0.000000	0.000000	-35.355057	149.156865	133.000000	1
498	0	3	203	0.000000	0.000000	0.000000	0.000000	0.000000	0.000000	0.000000	1
499	0	3	16	0.000000	0.000000	0.000000	0.000000	-35.354183	149.156841	133.000000	1
500	0	3	203	0.000000	0.000000	0.000000	0.000000	0.000000	0.000000	0.000000	1
501	0	3	16	0.000000	0.000000	0.000000	0.000000	-35.353309	149.156818	133.000000	1
502	0	3	203	0.000000	0.000000	0.000000	0.000000	0.000000	0.000000	0.000000	1
503	0	3	16	0.000000	0.000000	0.000000	0.000000	-35.352435	149.156795	133.000000	1
504	0	3	203	0.000000	0.000000	0.000000	0.000000	0.000000	0.000000	0.000000	1
505	0	3	16	0.000000	0.000000	0.000000	0.000000	-35.351561	149.156772	133.000000	1
506	0	3	203	0.000000	0.000000	0.000000	0.000000	0.000000	0.000000	0.000000	1
507	0	3	16	0.000000	0.000000	0.000000	0.000000	-35.350687	149.156748	133.000000	1
508	0	3	203	0.000000	0.000000	0.000000	0.000000	0.000000	0.000000	0.000000	1
509	0	3	16	0.000000	0.000000	0.000000	0.000000	-35.349813	149.156725	133.000000	1
510	0	3	203	0.000000	0.000000	0.000000	0.000000	0.000000	0.000000	0.000000	1
511	0	3	16	0.000000	0.000000	0.000000	0.000000	-35.348939	149.156702	133.000000	1
512	0	3	203	0.000000	0.000000	0.000000	0.000000	0.000000	0.000000	0.000000	1
513	0	3	16	0.000000	0.000000	0.000000	0.000000	-35.348065	149.156679	133.000000	1
514	0	3	203	0.000000	0.000000	0.000000	0.000000	0.000000	0.000000	0.000000	1
515	0	3	16	0.000000	0.000000	0.000000	0.000000	-35.347973	149.156676	133.000000	1
516	0	3	16	0.000000	0.000000	0.000000	0.000000	-35.348108	149.155303	133.000000	1
517	0	3	16	0.000000	0.000000	0.000000	0.000000	-35.348865	149.155323	133.000000	1
518	0	3	203	0.000000	0.000000	0.000000	0.000000	0.000000	0.000000	0.000000	1
519	0	3	16	0.000000	0.000000	0.000000	0.000000	-35.349739	149.155346	133.000000	1
520	0	3	203	0.000000	0.000000	0.000000	0.000000	0.000000	0.000000	0.000000	1
521	0	3	16	0.000000	0.000000	0.000000	0.000000	-35.350613	149.155369	133.000000	1
522	0	3	203	0.000000	0.000000	0.000000	0.000000	0.000000	0.000000	0.000000	1
523	0	3	16	0.000000	0.000000	0.000000	0.000000	-35.351487	149.155393	133.000000	1
524	0	3	203	0.000000	0.000000	0.000000	0.000000	0.000000	0.000000	0.000000	1
525	0	3	16	0.000000	0.000000	0.000000	0.000000	-35.352361	149.155416	133.000000	1
526	0	3	203	0.000000	0.000000	0.000000	0.000000	0.000000	0.000000	0.000000	1
527	0	3	16	0.000000	0.000000	0.000000	0.000000	-35.353235	149.155439	133.000000	1
528	0	3	203	0.000000	0.000000	0.000000	0.000000	0.000000	0.000000	0.000000	1
529	0	3	16	0.000000	0.000000	0.000000	0.000000	-35.354109	149.155462	133.000000	1
530	0	3	203	0.000000	0.000000	0.000000	0.000000	0.000000	0.000000	0.000000	1
531	0	3	16	0.000000	0.000000	0.000000	0.000000	-35.354983	149.155486	133.000000	1
532	0	3	203	0.000000	0.000000	0.000000	0.000000	0.000000	0.000000	0.000000	1
533	0	3	16	0.000000	0.000000	0.000000	0.000000	-35.355857	149.155509	133.000000	1
534	0	3	203	0.000000	0.000000	0.000000	0.000000	0.000000	0.000000	0.000000	1
535	0	3	16	0.000000	0.000000	0.000000	0.000000	-35.356731	149.155532	133.000000	1
536	0	3	203	0.000000	0.000000	0.000000	0.000000	0.000000	0.000000	0.000000	1
537	0	3	16	0.000000	0.000000	0.000000	0.000000	-35.357605	149.155555	133.000000	1
538	0	3	203	0.000000	0.000000	0.000000	0.000000	0.000000	0.000000	0.000000	1
539	0	3	16	0.000000	0.000000	0.000000	0.000000	-35.358479	149.155578	133.000000	1
540	0	3	203	0.000000	0.000000	0.000000	0.000000	0.000000	0.000000	0.000000	1
541	0	3	16	0.000000	0.000000	0.000000	0.000000	-35.359353	149.155602	133.000000	1
542	0	3	203	0.000000	0.000000	0.000000	0.000000	0.000000	0.000000	0.000000	1
543	0	3	16	0.000000	0.000000	0.000000	0.000000	-35.360227	149.155625	133.000000	1
544	0	3	203	0.000000	0.000000	0.000000	0.000000	0.000000	0.000000	0.000000	1
545	0	3	16	0.000000	0.000000	0.000000	0.000000	-35.360658	149.155636	133.000000	1
546	0	3	16	0.000000	0.000000	0.000000	0.000000	-35.360554	149.154256	133.000000	1
547	0	3	16	0.000000	0.000000	0.000000	0.000000	-35.360347	149.154251	133.000000	1
548	0	3	203	0.000000	0.000000	0.000000	0.000000	0.000000	0.000000	0.000000	1
549	0	3	16	0.000000	0.000000	0.000000	0.000000	-35.359473	149.154228	133.000000	1
550	0	3	203	0.000000	0.000000	0.000000	0.000000	0.000000	0.000000	0.000000	1
551	0	3	16	0.000000	0.000000	0.000000	0.000000	-35.358599	149.154204	133.000000	1
552	0	3	203	0.000000	0.000000	0.000000	0.000000	0.000000	0.000000	0.000000	1
553	0	3	16	0.000000	0.000000	0.000000	0.000000	-35.357725	149.154181	133.000000	1
554	0	3	203	0.000000	0.000000	0.000000	0.000000	0.000000	0.000000	0.000000	1
555	0	3	16	0.000000	0.000000	0.000000	0.000000	-35.356851	149.154158	133.000000	1
556	0	3	203	0.000000	0.000000	0.000000	0.000000	0.000000	0.000000	0.000000	1
557	0	3	16	0.000000	0.000000	0.000000	0.000000	-35.355977	149.154135	133.000000	1
558	0	3	203	0.000000	0.000000	0.000000	0.000000	0.000000	0.000000	0.000000	1
559	0	3	16	0.000000	0.000000	0.000000	0.000000	-35.355103	149.154112	133.000000	1
560	0	3	203	0.000000	0.000000	0.000000	0.000000	0.000000	0.000000	0.000000	1
561	0	3	16	0.000000	0.000000	0.000000	0.000000	-35.354229	149.154088	133.000000	1
562	0	3	203	0.000000	0.000000	0.000000	0.000000	0.000000	0.000000	0.000000	1
563	0	3	16	0.000000	0.000000	0.000000	0.000000	-35.353355	149.154065	133.000000	1
564	0	3	203	0.000000	0.000000	0.000000	0.000000	0.000000	0.000000	0.000000	1
565	0	3	16	0.000000	0.000000	0.000000	0.000000	-35.352481	149.154042	133.000000	1
566	0	3	203	0.000000	0.000000	0.000000	0.000000	0.000000	0.000000	0.000000	1
567	0	3	16	0.000000	0.000000	0.000000	0.000000	-35.351607	149.154019	133.000000	1
568	0	3	203	0.000000	0.000000	0.000000	0.000000	0.000000	0.000000	0.000000	1
569	0	3	16	0.000000	0.000000	0.000000	0.000000	-35.350733	149.153995	133.000000	1
570	0	3	203	0.000000	0.000000	0.000000	0.000000	0.000000	0.000000	0.000000	1
571	0	3	16	0.000000	0.000000	0.000000	0.000000	-35.349859	149.153972	133.000000	1
572	0	3	203	0.000000	0.000000	0.000000	0.000000	0.000000	0.000000	0.000000	1
573	0	3	16	0.000000	0.000000	0.000000	0.000000	-35.348985	149.153949	133.000000	1
574	0	3	203	0.000000	0.000000	0.000000	0.000000	0.000000	0.000000	0.000000	1
575	0	3	16	0.000000	0.000000	0.000000	0.000000	-35.348243	149.153929	133.000000	1
576	0	3	16	0.000000	0.000000	0.000000	0.000000	-35.348378	149.152556	133.000000	1
577	0	3	16	0.000000	0.000000	0.000000	0.000000	-35.348909	149.152570	133.000000	1
578	0	3	203	0.000000	0.000000	0.000000	0.000000	0.000000	0.000000	0.000000	1
579	0	3	16	0.000000	0.000000	0.000000	0.000000	-35.349784	149.152593	133.000000	1
580	0	3	203	0.000000	0.000000	0.000000	0.000000	0.000000	0.000000	0.000000	1
581	0	3	16	0.000000	0.000000	0.000000	0.000000	-35.350658	149.152616	133.000000	1
582	0	3	203	0.000000	0.000000	0.000000	0.000000	0.000000	0.000000	0.000000	1
583	0	3	16	0.000000	0.000000	0.000000	0.000000	-35.351532	149.152640	133.000000	1
584	0	3	203	0.000000	0.000000	0.000000	0.000000	0.000000	0.000000	0.000000	1
585	0	3	16	0.000000	0.000000	0.000000	0.000000	-35.352406	149.152663	133.000000	1
586	0	3	203	0.000000	0.000000	0.000000	0.000000	0.000000	0.000000	0.000000	1
587	0	3	16	0.000000	0.000000	0.000000	0.000000	-35.353280	149.152686	133.000000	1
588	0	3	203	0.000000	0.000000	0.000000	0.000000	0.000000	0.000000	0.000000	1
589	0	3	16	0.000000	0.000000	0.000000	0.000000	-35.354154	149.152709	133.000000	1
590	0	3	203	0.000000	0.000000	0.000000	0.000000	0.000000	0.000000	0.000000	1
591	0	3	16	0.000000	0.000000	0.000000	0.000000	-35.355028	149.152732	133.000000	1
592	0	3	203	0.000000	0.000000	0.000000	0.000000	0.000000	0.000000	0.000000	1
593	0	3	16	0.000000	0.000000	0.000000	0.000000	-35.355300	149.152740	133.000000	1
594	0	3	16	0.000000	0.000000	0.000000	0.000000	-35.360606	149.154946	133.000000	1
595	0	3	16	0.000000	0.000000	0.000000	0.000000	-35.360336	149.154939	133.000000	1
596	0	3	203	0.000000	0.000000	0.000000	0.000000	0.000000	0.000000	0.000000	1
597	0	3	16	0.000000	0.000000	0.000000	0.000000	-35.359462	149.154916	133.000000	1
598	0	3	203	0.000000	0.000000	0.000000	0.000000	0.000000	0.000000	0.000000	1
599	0	3	16	0.000000	0.000000	0.000000	0.000000	-35.358588	149.154893	133.000000	1
600	0	3	203	0.000000	0.000000	0.000000	0.000000	0.000000	0.000000	0.000000	1
601	0	3	16	0.000000	0.000000	0.000000	0.000000	-35.357714	149.154870	133.000000	1
602	0	3	203	0.000000	0.000000	0.000000	0.000000	0.000000	0.000000	0.000000	1
603	0	3	16	0.000000	0.000000	0.000000	0.000000	-35.356840	149.154846	133.000000	1
604	0	3	203	0.000000	0.000000	0.000000	0.000000	0.000000	0.000000	0.000000	1
605	0	3	16	0.000000	0.000000	0.000000	0.000000	-35.355966	149.154823	133.000000	1
606	0	3	203	0.000000	0.000000	0.000000	0.000000	0.000000	0.000000	0.000000	1
607	0	3	16	0.000000	0.000000	0.000000	0.000000	-35.355091	149.154800	133.000000	1
608	0	3	203	0.000000	0.000000	0.000000	0.000000	0.000000	0.000000	0.000000	1
609	0	3	16	0.000000	0.000000	0.000000	0.000000	-35.354217	149.154777	133.000000	1
610	0	3	203	0.000000	0.000000	0.000000	0.000000	0.000000	0.000000	0.000000	1
611	0	3	16	0.000000	0.000000	0.000000	0.000000	-35.353343	149.154753	133.000000	1
612	0	3	203	0.000000	0.000000	0.000000	0.000000	0.000000	0.000000	0.000000	1
613	0	3	16	0.000000	0.000000	0.000000	0.000000	-35.352469	149.154730	133.000000	1
614	0	3	203	0.000000	0.000000	0.000000	0.000000	0.000000	0.000000	0.000000	1
615	0	3	16	0.000000	0.000000	0.000000	0.000000	-35.351595	149.154707	133.000000	1
616	0	3	203	0.000000	0.000000	0.000000	0.000000	0.000000	0.000000	0.000000	1
617	0	3	16	0.000000	0.000000	0.000000	0.000000	-35.350721	149.154684	133.000000	1
618	0	3	203	0.000000	0.000000	0.000000	0.000000	0.000000	0.000000	0.000000	1
619	0	3	16	0.000000	0.000000	0.000000	0.000000	-35.349847	149.154660	133.000000	1
620	0	3	203	0.000000	0.000000	0.000000	0.000000	0.000000	0.000000	0.000000	1
621	0	3	16	0.000000	0.000000	0.000000	0.000000	-35.348973	149.154637	133.000000	1
622	0	3	203	0.000000	0.000000	0.000000	0.000000	0.000000	0.000000	0.000000	1
623	0	3	16	0.000000	0.000000	0.000000	0.000000	-35.348175	149.154616	133.000000	1
624	0	3	16	0.000000	0.000000	0.000000	0.000000	-35.348310	149.153243	133.000000	1
625	0	3	16	0.000000	0.000000	0.000000	0.000000	-35.348896	149.153258	133.000000	1
626	0	3	203	0.000000	0.000000	0.000000	0.000000	0.000000	0.000000	0.000000	1
627	0	3	16	0.000000	0.000000	0.000000	0.000000	-35.349770	149.153281	133.000000	1
628	0	3	203	0.000000	0.000000	0.000000	0.000000	0.000000	0.000000	0.000000	1
629	0	3	16	0.000000	0.000000	0.000000	0.000000	-35.350644	149.153305	133.000000	1
630	0	3	203	0.000000	0.000000	0.000000	0.000000	0.000000	0.000000	0.000000	1
631	0	3	16	0.000000	0.000000	0.000000	0.000000	-35.351518	149.153328	133.000000	1
632	0	3	203	0.000000	0.000000	0.000000	0.000000	0.000000	0.000000	0.000000	1
633	0	3	16	0.000000	0.000000	0.000000	0.000000	-35.352392	149.153351	133.000000	1
634	0	3	203	0.000000	0.000000	0.000000	0.000000	0.000000	0.000000	0.000000	1
635	0	3	16	0.000000	0.000000	0.000000	0.000000	-35.353266	149.153374	133.000000	1
636	0	3	203	0.000000	0.000000	0.000000	0.000000	0.000000	0.000000	0.000000	1
637	0	3	16	0.000000	0.000000	0.000000	0.000000	-35.354140	149.153397	133.000000	1
638	0	3	203	0.000000	0.000000	0.000000	0.000000	0.000000	0.000000	0.000000	1
639	0	3	16	0.000000	0.000000	0.000000	0.000000	-35.355014	149.153421	133.000000	1
640	0	3	203	0.000000	0.000000	0.000000	0.000000	0.000000	0.000000	0.000000	1
641	0	3	16	0.000000	0.000000	0.000000	0.000000	-35.355888	149.153444	133.000000	1
642	0	3	203	0.000000	0.000000	0.000000	0.000000	0.000000	0.000000	0.000000	1
643	0	3	16	0.000000	0.000000	0.000000	0.000000	-35.356762	149.153467	133.000000	1
644	0	3	203	0.000000	0.000000	0.000000	0.000000	0.000000	0.000000	0.000000	1
645	0	3	16	0.000000	0.000000	0.000000	0.000000	-35.357636	149.153490	133.000000	1
646	0	3	203	0.000000	0.000000	0.000000	0.000000	0.000000	0.000000	0.000000	1
647	0	3	16	0.000000	0.000000	0.000000	0.000000	-35.358510	149.153514	133.000000	1
648	0	3	203	0.000000	0.000000	0.000000	0.000000	0.000000	0.000000	0.000000	1
649	0	3	16	0.000000	0.000000	0.000000	0.000000	-35.359384	149.153537	133.000000	1
650	0	3	203	0.000000	0.000000	0.000000	0.000000	0.000000	0.000000	0.000000	1
651	0	3	16	0.000000	0.000000	0.000000	0.000000	-35.360258	149.153560	133.000000	1
652	0	3	203	0.000000	0.000000	0.000000	0.000000	0.000000	0.000000	0.000000	1
653	0	3	16	0.000000	0.000000	0.000000	0.000000	-35.360503	149.153566	133.000000	1
654	0	3	16	0.000000	0.000000	0.000000	0.000000	-35.349365	149.151894	133.000000	1
655	0	3	16	0.000000	0.000000	0.000000	0.000000	-35.348933	149.151882	133.000000	1
656	0	3	203	0.000000	0.000000	0.000000	0.000000	0.000000	0.000000	0.000000	1
657	0	3	16	0.000000	0.000000	0.000000	0.000000	-35.348445	149.151869	133.000000	1
658	0	3	16	0.000000	0.000000	0.000000	0.000000	-35.348040	149.155989	133.000000	1
659	0	3	16	0.000000	0.000000	0.000000	0.000000	-35.348851	149.156011	133.000000	1
660	0	3	203	0.000000	0.000000	0.000000	0.000000	0.000000	0.000000	0.000000	1
661	0	3	16	0.000000	0.000000	0.000000	0.000000	-35.349725	149.156034	133.000000	1
662	0	3	203	0.000000	0.000000	0.000000	0.000000	0.000000	0.000000	0.000000	1
663	0	3	16	0.000000	0.000000	0.000000	0.000000	-35.350599	149.156058	133.000000	1
664	0	3	203	0.000000	0.000000	0.000000	0.000000	0.000000	0.000000	0.000000	1
665	0	3	16	0.000000	0.000000	0.000000	0.000000	-35.351473	149.156081	133.000000	1
666	0	3	203	0.000000	0.000000	0.000000	0.000000	0.000000	0.000000	0.000000	1
667	0	3	16	0.000000	0.000000	0.000000	0.000000	-35.352347	149.156104	133.000000	1
668	0	3	203	0.000000	0.000000	0.000000	0.000000	0.000000	0.000000	0.000000	1
669	0	3	16	0.000000	0.000000	0.000000	0.000000	-35.353221	149.156127	133.000000	1
670	0	3	203	0.000000	0.000000	0.000000	0.000000	0.000000	0.000000	0.000000	1
671	0	3	16	0.000000	0.000000	0.000000	0.000000	-35.354095	149.156150	133.000000	1
672	0	3	203	0.000000	0.000000	0.000000	0.000000	0.000000	0.000000	0.000000	1
673	0	3	16	0.000000	0.000000	0.000000	0.000000	-35.354969	149.156174	133.000000	1
674	0	3	203	0.000000	0.000000	0.000000	0.000000	0.000000	0.000000	0.000000	1
675	0	3	16	0.000000	0.000000	0.000000	0.000000	-35.355843	149.156197	133.000000	1
676	0	3	203	0.000000	0.000000	0.000000	0.000000	0.000000	0.000000	0.000000	1
677	0	3	16	0.000000	0.000000	0.000000	0.000000	-35.356717	149.156220	133.000000	1
678	0	3	203	0.000000	0.000000	0.000000	0.000000	0.000000	0.000000	0.000000	1
679	0	3	16	0.000000	0.000000	0.000000	0.000000	-35.357591	149.156243	133.000000	1
680	0	3	203	0.000000	0.000000	0.000000	0.000000	0.000000	0.000000	0.000000	1
681	0	3	16	0.000000	0.000000	0.000000	0.000000	-35.358465	149.156267	133.000000	1
682	0	3	203	0.000000	0.000000	0.000000	0.000000	0.000000	0.000000	0.000000	1
683	0	3	16	0.000000	0.000000	0.000000	0.000000	-35.359339	149.156290	133.000000	1
684	0	3	203	0.000000	0.000000	0.000000	0.000000	0.000000	0.000000	0.000000	1
685	0	3	16	0.000000	0.000000	0.000000	0.000000	-35.360213	149.156313	133.000000	1
686	0	3	203	0.000000	0.000000	0.000000	0.000000	0.000000	0.000000	0.000000	1
687	0	3	16	0.000000	0.000000	0.000000	0.000000	-35.360709	149.156326	133.000000	1
688	0	3	16	0.000000	0.000000	0.000000	0.000000	-35.360812	149.157706	133.000000	1
689	0	3	16	0.000000	0.000000	0.000000	0.000000	-35.360290	149.157692	133.000000	1
690	0	3	203	0.000000	0.000000	0.000000	0.000000	0.000000	0.000000	0.000000	1
691	0	3	16	0.000000	0.000000	0.000000	0.000000	-35.359416	149.157669	133.000000	1
692	0	3	203	0.000000	0.000000	0.000000	0.000000	0.000000	0.000000	0.000000	1
693	0	3	16	0.000000	0.000000	0.000000	0.000000	-35.358542	149.157646	133.000000	1
694	0	3	203	0.000000	0.000000	0.000000	0.000000	0.000000	0.000000	0.000000	1
695	0	3	16	0.000000	0.000000	0.000000	0.000000	-35.357668	149.157623	133.000000	1
696	0	3	203	0.000000	0.000000	0.000000	0.000000	0.000000	0.000000	0.000000	1
697	0	3	16	0.000000	0.000000	0.000000	0.000000	-35.356794	149.157599	133.000000	1
698	0	3	203	0.000000	0.000000	0.000000	0.000000	0.000000	0.000000	0.000000	1
699	0	3	16	0.000000	0.000000	0.000000	0.000000	-35.355920	149.157576	133.000000	1
700	0	3	203	0.000000	0.000000	0.000000	0.000000	0.000000	0.000000	0.000000	1
701	0	3	16	0.000000	0.000000	0.000000	0.000000	-35.355046	149.157553	133.000000	1
702	0	3	203	0.000000	0.000000	0.000000	0.000000	0.000000	0.000000	0.000000	1
703	0	3	16	0.000000	0.000000	0.000000	0.000000	-35.354172	149.157530	133.000000	1
704	0	3	203	0.000000	0.000000	0.000000	0.000000	0.000000	0.000000	0.000000	1
705	0	3	16	0.000000	0.000000	0.000000	0.000000	-35.353298	149.157506	133.000000	1
706	0	3	203	0.000000	0.000000	0.000000	0.000000	0.000000	0.000000	0.000000	1
707	0	3	16	0.000000	0.000000	0.000000	0.000000	-35.352424	149.157483	133.000000	1
708	0	3	203	0.000000	0.000000	0.000000	0.000000	0.000000	0.000000	0.000000	1
709	0	3	16	0.000000	0.000000	0.000000	0.000000	-35.351550	149.157460	133.000000	1
710	0	3	203	0.000000	0.000000	0.000000	0.000000	0.000000	0.000000	0.000000	1
711	0	3	16	0.000000	0.000000	0.000000	0.000000	-35.350676	149.157437	133.000000	1
712	0	3	203	0.000000	0.000000	0.000000	0.000000	0.000000	0.000000	0.000000	1
713	0	3	16	0.000000	0.000000	0.000000	0.000000	-35.349802	149.157413	133.000000	1
714	0	3	203	0.000000	0.000000	0.000000	0.000000	0.000000	0.000000	0.000000	1
715	0	3	16	0.000000	0.000000	0.000000	0.000000	-35.348928	149.157390	133.000000	1
716	0	3	203	0.000000	0.000000	0.000000	0.000000	0.000000	0.000000	0.000000	1
717	0	3	16	0.000000	0.000000	0.000000	0.000000	-35.348054	149.157367	133.000000	1
718	0	3	203	0.000000	0.000000	0.000000	0.000000	0.000000	0.000000	0.000000	1
719	0	3	16	0.000000	0.000000	0.000000	0.000000	-35.347905	149.157363	133.000000	1
720	0	3	16	0.000000	0.000000	0.000000	0.000000	-35.347770	149.158736	133.000000	1
721	0	3	16	0.000000	0.000000	0.000000	0.000000	-35.347923	149.158740	133.000000	1
722	0	3	203	0.000000	0.000000	0.000000	0.000000	0.000000	0.000000	0.000000	1
723	0	3	16	0.000000	0.000000	0.000000	0.000000	-35.348797	149.158764	133.000000	1
724	0	3	203	0.000000	0.000000	0.000000	0.000000	0.000000	0.000000	0.000000	1
725	0	3	16	0.000000	0.000000	0.000000	0.000000	-35.349671	149.158787	133.000000	1
726	0	3	203	0.000000	0.000000	0.000000	0.000000	0.000000	0.000000	0.000000	1
727	0	3	16	0.000000	0.000000	0.000000	0.000000	-35.350545	149.158810	133.000000	1
728	0	3	203	0.000000	0.000000	0.000000	0.000000	0.000000	0.000000	0.000000	1
729	0	3	16	0.000000	0.000000	0.000000	0.000000	-35.351419	149.158833	133.000000	1
730	0	3	203	0.000000	0.000000	0.000000	0.000000	0.000000	0.000000	0.000000	1
731	0	3	16	0.000000	0.000000	0.000000	0.000000	-35.352293	149.158857	133.000000	1
732	0	3	203	0.000000	0.000000	0.000000	0.000000	0.000000	0.000000	0.000000	1
733	0	3	16	0.000000	0.000000	0.000000	0.000000	-35.353167	149.158880	133.000000	1
734	0	3	203	0.000000	0.000000	0.000000	0.000000	0.000000	0.000000	0.000000	1
735	0	3	16	0.000000	0.000000	0.000000	0.000000	-35.354041	149.158903	133.000000	1
736	0	3	203	0.000000	0.000000	0.000000	0.000000	0.000000	0.000000	0.000000	1
737	0	3	16	0.000000	0.000000	0.000000	0.000000	-35.354915	149.158927	133.000000	1
738	0	3	203	0.000000	0.000000	0.000000	0.000000	0.000000	0.000000	0.000000	1
739	0	3	16	0.000000	0.000000	0.000000	0.000000	-35.355789	149.158950	133.000000	1
740	0	3	203	0.000000	0.000000	0.000000	0.000000	0.000000	0.000000	0.000000	1
741	0	3	16	0.000000	0.000000	0.000000	0.000000	-35.356663	149.158973	133.000000	1
742	0	3	203	0.000000	0.000000	0.000000	0.000000	0.000000	0.000000	0.000000	1
743	0	3	16	0.000000	0.000000	0.000000	0.000000	-35.357537	149.158996	133.000000	1
744	0	3	203	0.000000	0.000000	0.000000	0.000000	0.000000	0.000000	0.000000	1
745	0	3	16	0.000000	0.000000	0.000000	0.000000	-35.358411	149.159020	133.000000	1
746	0	3	203	0.000000	0.000000	0.000000	0.000000	0.000000	0.000000	0.000000	1
747	0	3	16	0.000000	0.000000	0.000000	0.000000	-35.359285	149.159043	133.000000	1
748	0	3	203	0.000000	0.000000	0.000000	0.000000	0.000000	0.000000	0.000000	1
749	0	3	16	0.000000	0.000000	0.000000	0.000000	-35.360159	149.159066	133.000000	1
750	0	3	203	0.000000	0.000000	0.000000	0.000000	0.000000	0.000000	0.000000	1
751	0	3	16	0.000000	0.000000	0.000000	0.000000	-35.360916	149.159086	133.000000	1
752	0	3	16	0.000000	0.000000	0.000000	0.000000	-35.361019	149.160466	133.000000	1
753	0	3	16	0.000000	0.000000	0.000000	0.000000	-35.360235	149.160445	133.000000	1
754	0	3	203	0.000000	0.000000	0.000000	0.000000	0.000000	0.000000	0.000000	1
755	0	3	16	0.000000	0.000000	0.000000	0.000000	-35.359361	149.160422	133.000000	1
756	0	3	203	0.000000	0.000000	0.000000	0.000000	0.000000	0.000000	0.000000	1
757	0	3	16	0.000000	0.000000	0.000000	0.000000	-35.358487	149.160399	133.000000	1
758	0	3	203	0.000000	0.000000	0.000000	0.000000	0.000000	0.000000	0.000000	1
759	0	3	16	0.000000	0.000000	0.000000	0.000000	-35.357613	149.160376	133.000000	1
760	0	3	203	0.000000	0.000000	0.000000	0.000000	0.000000	0.000000	0.000000	1
761	0	3	16	0.000000	0.000000	0.000000	0.000000	-35.356739	149.160352	133.000000	1
762	0	3	203	0.000000	0.000000	0.000000	0.000000	0.000000	0.000000	0.000000	1
763	0	3	16	0.000000	0.000000	0.000000	0.000000	-35.355865	149.160329	133.000000	1
764	0	3	203	0.000000	0.000000	0.000000	0.000000	0.000000	0.000000	0.000000	1
765	0	3	16	0.000000	0.000000	0.000000	0.000000	-35.354991	149.160306	133.000000	1
766	0	3	203	0.000000	0.000000	0.000000	0.000000	0.000000	0.000000	0.000000	1
767	0	3	16	0.000000	0.000000	0.000000	0.000000	-35.354117	149.160282	133.000000	1
768	0	3	203	0.000000	0.000000	0.000000	0.000000	0.000000	0.000000	0.000000	1
769	0	3	16	0.000000	0.000000	0.000000	0.000000	-35.353243	149.160259	133.000000	1
770	0	3	203	0.000000	0.000000	0.000000	0.000000	0.000000	0.000000	0.000000	1
771	0	3	16	0.000000	0.000000	0.000000	0.000000	-35.352369	149.160236	133.000000	1
772	0	3	203	0.000000	0.000000	0.000000	0.000000	0.000000	0.000000	0.000000	1
773	0	3	16	0.000000	0.000000	0.000000	0.000000	-35.351495	149.160213	133.000000	1
774	0	3	203	0.000000	0.000000	0.000000	0.000000	0.000000	0.000000	0.000000	1
775	0	3	16	0.000000	0.000000	0.000000	0.000000	-35.350621	149.160189	133.000000	1
776	0	3	203	0.000000	0.000000	0.000000	0.000000	0.000000	0.000000	0.000000	1
777	0	3	16	0.000000	0.000000	0.000000	0.000000	-35.349747	149.160166	133.000000	1
778	0	3	203	0.000000	0.000000	0.000000	0.000000	0.000000	0.000000	0.000000	1
779	0	3	16	0.000000	0.000000	0.000000	0.000000	-35.348873	149.160143	133.000000	1
780	0	3	203	0.000000	0.000000	0.000000	0.000000	0.000000	0.000000	0.000000	1
781	0	3	16	0.000000	0.000000	0.000000	0.000000	-35.347999	149.160119	133.000000	1
782	0	3	203	0.000000	0.000000	0.000000	0.000000	0.000000	0.000000	0.000000	1
783	0	3	16	0.000000	0.000000	0.000000	0.000000	-35.347635	149.160110	133.000000	1
784	0	3	16	0.000000	0.000000	0.000000	0.000000	-35.347499	149.161483	133.000000	1
785	0	3	16	0.000000	0.000000	0.000000	0.000000	-35.347869	149.161493	133.000000	1
786	0	3	203	0.000000	0.000000	0.000000	0.000000	0.000000	0.000000	0.000000	1
787	0	3	16	0.000000	0.000000	0.000000	0.000000	-35.348743	149.161516	133.000000	1
788	0	3	203	0.000000	0.000000	0.000000	0.000000	0.000000	0.000000	0.000000	1
789	0	3	16	0.000000	0.000000	0.000000	0.000000	-35.349617	149.161540	133.000000	1
790	0	3	203	0.000000	0.000000	0.000000	0.000000	0.000000	0.000000	0.000000	1
791	0	3	16	0.000000	0.000000	0.000000	0.000000	-35.350491	149.161563	133.000000	1
792	0	3	203	0.000000	0.000000	0.000000	0.000000	0.000000	0.000000	0.000000	1
793	0	3	16	0.000000	0.000000	0.000000	0.000000	-35.351365	149.161586	133.000000	1
794	0	3	203	0.000000	0.000000	0.000000	0.000000	0.000000	0.000000	0.000000	1
795	0	3	16	0.000000	0.000000	0.000000	0.000000	-35.352239	149.161609	133.000000	1
796	0	3	203	0.000000	0.000000	0.000000	0.000000	0.000000	0.000000	0.000000	1
797	0	3	16	0.000000	0.000000	0.000000	0.000000	-35.353113	149.161633	133.000000	1
798	0	3	203	0.000000	0.000000	0.000000	0.000000	0.000000	0.000000	0.000000	1
799	0	3	16	0.000000	0.000000	0.000000	0.000000	-35.353987	149.161656	133.000000	1
800	0	3	203	0.000000	0.000000	0.000000	0.000000	0.000000	0.000000	0.000000	1
801	0	3	16	0.000000	0.000000	0.000000	0.000000	-35.354861	149.161679	133.000000	1
802	0	3	203	0.000000	0.000000	0.000000	0.000000	0.000000	0.000000	0.000000	1
803	0	3	16	0.000000	0.000000	0.000000	0.000000	-35.355735	149.161703	133.000000	1
804	0	3	203	0.000000	0.000000	0.000000	0.000000	0.000000	0.000000	0.000000	1
805	0	3	16	0.000000	0.000000	0.000000	0.000000	-35.356609	149.161726	133.000000	1
806	0	3	203	0.000000	0.000000	0.000000	0.000000	0.000000	0.000000	0.000000	1
807	0	3	16	0.000000	0.000000	0.000000	0.000000	-35.357483	149.161749	133.000000	1
808	0	3	203	0.000000	0.000000	0.000000	0.000000	0.000000	0.000000	0.000000	1
809	0	3	16	0.000000	0.000000	0.000000	0.000000	-35.358357	149.161773	133.000000	1
810	0	3	203	0.000000	0.000000	0.000000	0.000000	0.000000	0.000000	0.000000	1
811	0	3	16	0.000000	0.000000	0.000000	0.000000	-35.359231	149.161796	133.000000	1
812	0	3	203	0.000000	0.000000	0.000000	0.000000	0.000000	0.000000	0.000000	1
813	0	3	16	0.000000	0.000000	0.000000	0.000000	-35.360105	149.161819	133.000000	1
814	0	3	203	0.000000	0.000000	0.000000	0.000000	0.000000	0.000000	0.000000	1
815	0	3	16	0.000000	0.000000	0.000000	0.000000	-35.360979	149.161842	133.000000	1
816	0	3	203	0.000000	0.000000	0.000000	0.000000	0.000000	0.000000	0.000000	1
817	0	3	16	0.000000	0.000000	0.000000	0.000000	-35.361122	149.161846	133.000000	1
818	0	3	16	0.000000	0.000000	0.000000	0.000000	-35.361225	149.163226	133.000000	1
819	0	3	16	0.000000	0.000000	0.000000	0.000000	-35.361072	149.163222	133.000000	1
820	0	3	203	0.000000	0.000000	0.000000	0.000000	0.000000	0.000000	0.000000	1
821	0	3	16	0.000000	0.000000	0.000000	0.000000	-35.360198	149.163199	133.000000	1
822	0	3	203	0.000000	0.000000	0.000000	0.000000	0.000000	0.000000	0.000000	1
823	0	3	16	0.000000	0.000000	0.000000	0.000000	-35.359324	149.163176	133.000000	1
824	0	3	203	0.000000	0.000000	0.000000	0.000000	0.000000	0.000000	0.000000	1
825	0	3	16	0.000000	0.000000	0.000000	0.000000	-35.358450	149.163152	133.000000	1
826	0	3	203	0.000000	0.000000	0.000000	0.000000	0.000000	0.000000	0.000000	1
827	0	3	16	0.000000	0.000000	0.000000	0.000000	-35.357576	149.163129	133.000000	1
828	0	3	203	0.000000	0.000000	0.000000	0.000000	0.000000	0.000000	0.000000	1
829	0	3	16	0.000000	0.000000	0.000000	0.000000	-35.356702	149.163106	133.000000	1
830	0	3	203	0.000000	0.000000	0.000000	0.000000	0.000000	0.000000	0.000000	1
831	0	3	16	0.000000	0.000000	0.000000	0.000000	-35.355828	149.163082	133.000000	1
832	0	3	203	0.000000	0.000000	0.000000	0.000000	0.000000	0.000000	0.000000	1
833	0	3	16	0.000000	0.000000	0.000000	0.000000	-35.354954	149.163059	133.000000	1
834	0	3	203	0.000000	0.000000	0.000000	0.000000	0.000000	0.000000	0.000000	1
835	0	3	16	0.000000	0.000000	0.000000	0.000000	-35.354080	149.163036	133.000000	1
836	0	3	203	0.000000	0.000000	0.000000	0.000000	0.000000	0.000000	0.000000	1
837	0	3	16	0.000000	0.000000	0.000000	0.000000	-35.353206	149.163012	133.000000	1
838	0	3	203	0.000000	0.000000	0.000000	0.000000	0.000000	0.000000	0.000000	1
839	0	3	16	0.000000	0.000000	0.000000	0.000000	-35.352332	149.162989	133.000000	1
840	0	3	203	0.000000	0.000000	0.000000	0.000000	0.000000	0.000000	0.000000	1
841	0	3	16	0.000000	0.000000	0.000000	0.000000	-35.351458	149.162966	133.000000	1
842	0	3	203	0.000000	0.000000	0.000000	0.000000	0.000000	0.000000	0.000000	1
843	0	3	16	0.000000	0.000000	0.000000	0.000000	-35.350584	149.162942	133.000000	1
844	0	3	203	0.000000	0.000000	0.000000	0.000000	0.000000	0.000000	0.000000	1
845	0	3	16	0.000000	0.000000	0.000000	0.000000	-35.349710	149.162919	133.000000	1
846	0	3	203	0.000000	0.000000	0.000000	0.000000	0.000000	0.000000	0.000000	1
847	0	3	16	0.000000	0.000000	0.000000	0.000000	-35.348836	149.162896	133.000000	1
848	0	3	203	0.000000	0.000000	0.000000	0.000000	0.000000	0.000000	0.000000	1
849	0	3	16	0.000000	0.000000	0.000000	0.000000	-35.347962	149.162872	133.000000	1
850	0	3	203	0.000000	0.000000	0.000000	0.000000	0.000000	0.000000	0.000000	1
851	0	3	16	0.000000	0.000000	0.000000	0.000000	-35.347364	149.162856	133.000000	1
852	0	3	16	0.000000	0.000000	0.000000	0.000000	-35.347229	149.164230	133.000000	1
853	0	3	16	0.000000	0.000000	0.000000	0.000000	-35.347824	149.164246	133.000000	1
854	0	3	203	0.000000	0.000000	0.000000	0.000000	0.000000	0.000000	0.000000	1
855	0	3	16	0.000000	0.000000	0.000000	0.000000	-35.348698	149.164269	133.000000	1
856	0	3	203	0.000000	0.000000	0.000000	0.000000	0.000000	0.000000	0.000000	1
857	0	3	16	0.000000	0.000000	0.000000	0.000000	-35.349572	149.164292	133.000000	1
858	0	3	203	0.000000	0.000000	0.000000	0.000000	0.000000	0.000000	0.000000	1
859	0	3	16	0.000000	0.000000	0.000000	0.000000	-35.350446	149.164316	133.000000	1
860	0	3	203	0.000000	0.000000	0.000000	0.000000	0.000000	0.000000	0.000000	1
861	0	3	16	0.000000	0.000000	0.000000	0.000000	-35.351320	149.164339	133.000000	1
862	0	3	203	0.000000	0.000000	0.000000	0.000000	0.000000	0.000000	0.000000	1
863	0	3	16	0.000000	0.000000	0.000000	0.000000	-35.352194	149.164362	133.000000	1
864	0	3	203	0.000000	0.000000	0.000000	0.000000	0.000000	0.000000	0.000000	1
865	0	3	16	0.000000	0.000000	0.000000	0.000000	-35.353068	149.164386	133.000000	1
866	0	3	203	0.000000	0.000000	0.000000	0.000000	0.000000	0.000000	0.000000	1
867	0	3	16	0.000000	0.000000	0.000000	0.000000	-35.353942	149.164409	133.000000	1
868	0	3	203	0.000000	0.000000	0.000000	0.000000	0.000000	0.000000	0.000000	1
869	0	3	16	0.000000	0.000000	0.000000	0.000000	-35.354816	149.164432	133.000000	1
870	0	3	203	0.000000	0.000000	0.000000	0.000000	0.000000	0.000000	0.000000	1
871	0	3	16	0.000000	0.000000	0.000000	0.000000	-35.355690	149.164456	133.000000	1
872	0	3	203	0.000000	0.000000	0.000000	0.000000	0.000000	0.000000	0.000000	1
873	0	3	16	0.000000	0.000000	0.000000	0.000000	-35.356564	149.164479	133.000000	1
874	0	3	203	0.000000	0.000000	0.000000	0.000000	0.000000	0.000000	0.000000	1
875	0	3	16	0.000000	0.000000	0.000000	0.000000	-35.357438	149.164502	133.000000	1
876	0	3	203	0.000000	0.000000	0.000000	0.000000	0.000000	0.000000	0.000000	1
877	0	3	16	0.000000	0.000000	0.000000	0.000000	-35.358312	149.164526	133.000000	1
878	0	3	203	0.000000	0.000000	0.000000	0.000000	0.000000	0.000000	0.000000	1
879	0	3	16	0.000000	0.000000	0.000000	0.000000	-35.359186	149.164549	133.000000	1
880	0	3	203	0.000000	0.000000	0.000000	0.000000	0.000000	0.000000	0.000000	1
881	0	3	16	0.000000	0.000000	0.000000	0.000000	-35.360060	149.164572	133.000000	1
882	0	3	203	0.000000	0.000000	0.000000	0.000000	0.000000	0.000000	0.000000	1
883	0	3	16	0.000000	0.000000	0.000000	0.000000	-35.360934	149.164596	133.000000	1
884	0	3	203	0.000000	0.000000	0.000000	0.000000	0.000000	0.000000	0.000000	1
885	0	3	16	0.000000	0.000000	0.000000	0.000000	-35.361329	149.164606	133.000000	1
886	0	3	16	0.000000	0.000000	0.000000	0.000000	-35.361432	149.165986	133.000000	1
887	0	3	16	0.000000	0.000000	0.000000	0.000000	-35.361017	149.165975	133.000000	1
888	0	3	203	0.000000	0.000000	0.000000	0.000000	0.000000	0.000000	0.000000	1
889	0	3	16	0.000000	0.000000	0.000000	0.000000	-35.360143	149.165952	133.000000	1
890	0	3	203	0.000000	0.000000	0.000000	0.000000	0.000000	0.000000	0.000000	1
891	0	3	16	0.000000	0.000000	0.000000	0.000000	-35.359269	149.165928	133.000000	1
892	0	3	203	0.000000	0.000000	0.000000	0.000000	0.000000	0.000000	0.000000	1
893	0	3	16	0.000000	0.000000	0.000000	0.000000	-35.358395	149.165905	133.000000	1
894	0	3	203	0.000000	0.000000	0.000000	0.000000	0.000000	0.000000	0.000000	1
895	0	3	16	0.000000	0.000000	0.000000	0.000000	-35.357521	149.165882	133.000000	1
896	0	3	203	0.000000	0.000000	0.000000	0.000000	0.000000	0.000000	0.000000	1
897	0	3	16	0.000000	0.000000	0.000000	0.000000	-35.356647	149.165858	133.000000	1
898	0	3	203	0.000000	0.000000	0.000000	0.000000	0.000000	0.000000	0.000000	1
899	0	3	16	0.000000	0.000000	0.000000	0.000000	-35.355773	149.165835	133.000000	1
900	0	3	203	0.000000	0.000000	0.000000	0.000000	0.000000	0.000000	0.000000	1
901	0	3	16	0.000000	0.000000	0.000000	0.000000	-35.354899	149.165812	133.000000	1
902	0	3	203	0.000000	0.000000	0.000000	0.000000	0.000000	0.000000	0.000000	1
903	0	3	16	0.000000	0.000000	0.000000	0.000000	-35.354025	149.165788	133.000000	1
904	0	3	203	0.000000	0.000000	0.000000	0.000000	0.000000	0.000000	0.000000	1
905	0	3	16	0.000000	0.000000	0.000000	0.000000	-35.353151	149.165765	133.000000	1
906	0	3	203	0.000000	0.000000	0.000000	0.000000	0.000000	0.000000	0.000000	1
907	0	3	16	0.000000	0.000000	0.000000	0.000000	-35.352277	149.165742	133.000000	1
908	0	3	203	0.000000	0.000000	0.000000	0.000000	0.000000	0.000000	0.000000	1
909	0	3	16	0.000000	0.000000	0.000000	0.000000	-35.351403	149.165718	133.000000	1
910	0	3	203	0.000000	0.000000	0.000000	0.000000	0.000000	0.000000	0.000000	1
911	0	3	16	0.000000	0.000000	0.000000	0.000000	-35.350529	149.165695	133.000000	1
912	0	3	203	0.000000	0.000000	0.000000	0.000000	0.000000	0.000000	0.000000	1
913	0	3	16	0.000000	0.000000	0.000000	0.000000	-35.349655	149.165672	133.000000	1
914	0	3	203	0.000000	0.000000	0.000000	0.000000	0.000000	0.000000	0.000000	1
915	0	3	16	0.000000	0.000000	0.000000	0.000000	-35.348781	149.165648	133.000000	1
916	0	3	203	0.000000	0.000000	0.000000	0.000000	0.000000	0.000000	0.000000	1
917	0	3	16	0.000000	0.000000	0.000000	0.000000	-35.347907	149.165625	133.000000	1
918	0	3	203	0.000000	0.000000	0.000000	0.000000	0.000000	0.000000	0.000000	1
919	0	3	16	0.000000	0.000000	0.000000	0.000000	-35.347094	149.165603	133.000000	1
920	0	3	16	0.000000	0.000000	0.000000	0.000000	-35.346959	149.166977	133.000000	1
921	0	3	16	0.000000	0.000000	0.000000	0.000000	-35.347769	149.166998	133.000000	1
922	0	3	203	0.000000	0.000000	0.000000	0.000000	0.000000	0.000000	0.000000	1
923	0	3	16	0.000000	0.000000	0.000000	0.000000	-35.348643	149.167022	133.000000	1
924	0	3	203	0.000000	0.000000	0.000000	0.000000	0.000000	0.000000	0.000000	1
925	0	3	16	0.000000	0.000000	0.000000	0.000000	-35.349517	149.167045	133.000000	1
926	0	3	203	0.000000	0.000000	0.000000	0.000000	0.000000	0.000000	0.000000	1
927	0	3	16	0.000000	0.000000	0.000000	0.000000	-35.350391	149.167068	133.000000	1
928	0	3	203	0.000000	0.000000	0.000000	0.000000	0.000000	0.000000	0.000000	1
929	0	3	16	0.000000	0.000000	0.000000	0.000000	-35.351266	149.167092	133.000000	1
930	0	3	203	0.000000	0.000000	0.000000	0.000000	0.000000	0.000000	0.000000	1
931	0	3	16	0.000000	0.000000	0.000000	0.000000	-35.352140	149.167115	133.000000	1
932	0	3	203	0.000000	0.000000	0.000000	0.000000	0.000000	0.000000	0.000000	1
933	0	3	16	0.000000	0.000000	0.000000	0.000000	-35.353014	149.167138	133.000000	1
934	0	3	203	0.000000	0.000000	0.000000	0.000000	0.000000	0.000000	0.000000	1
935	0	3	16	0.000000	0.000000	0.000000	0.000000	-35.353888	149.167162	133.000000	1
936	0	3	203	0.000000	0.000000	0.000000	0.000000	0.000000	0.000000	0.000000	1
937	0	3	16	0.000000	0.000000	0.000000	0.000000	-35.354762	149.167185	133.000000	1
938	0	3	203	0.000000	0.000000	0.000000	0.000000	0.000000	0.000000	0.000000	1
939	0	3	16	0.000000	0.000000	0.000000	0.000000	-35.355636	149.167209	133.000000	1
940	0	3	203	0.000000	0.000000	0.000000	0.000000	0.000000	0.000000	0.000000	1
941	0	3	16	0.000000	0.000000	0.000000	0.000000	-35.356510	149.167232	133.000000	1
942	0	3	203	0.000000	0.000000	0.000000	0.000000	0.000000	0.000000	0.000000	1
943	0	3	16	0.000000	0.000000	0.000000	0.000000	-35.357384	149.167255	133.000000	1
944	0	3	203	0.000000	0.000000	0.000000	0.000000	0.000000	0.000000	0.000000	1
945	0	3	16	0.000000	0.000000	0.000000	0.000000	-35.358258	149.167279	133.000000	1
946	0	3	203	0.000000	0.000000	0.000000	0.000000	0.000000	0.000000	0.000000	1
947	0	3	16	0.000000	0.000000	0.000000	0.000000	-35.359132	149.167302	133.000000	1
948	0	3	203	0.000000	0.000000	0.000000	0.000000	0.000000	0.000000	0.000000	1
949	0	3	16	0.000000	0.000000	0.000000	0.000000	-35.360006	149.167325	133.000000	1
950	0	3	203	0.000000	0.000000	0.000000	0.000000	0.000000	0.000000	0.000000	1
951	0	3	16	0.000000	0.000000	0.000000	0.000000	-35.360880	149.167349	133.000000	1
952	0	3	203	0.000000	0.000000	0.000000	0.000000	0.000000	0.000000	0.000000	1
953	0	3	16	0.000000	0.000000	0.000000	0.000000	-35.361535	149.167366	133.000000	1
954	0	3	16	0.000000	0.000000	0.000000	0.000000	-35.361638	149.168746	133.000000	1
955	0	3	16	0.000000	0.000000	0.000000	0.000000	-35.360971	149.168728	133.000000	1
956	0	3	203	0.000000	0.000000	0.000000	0.000000	0.000000	0.000000	0.000000	1
957	0	3	16	0.000000	0.000000	0.000000	0.000000	-35.360097	149.168705	133.000000	1
958	0	3	203	0.000000	0.000000	0.000000	0.000000	0.000000	0.000000	0.000000	1
959	0	3	16	0.000000	0.000000	0.000000	0.000000	-35.359223	149.168682	133.000000	1
960	0	3	203	0.000000	0.000000	0.000000	0.000000	0.000000	0.000000	0.000000	1
961	0	3	16	0.000000	0.000000	0.000000	0.000000	-35.358349	149.168658	133.000000	1
962	0	3	203	0.000000	0.000000	0.000000	0.000000	0.000000	0.000000	0.000000	1
963	0	3	16	0.000000	0.000000	0.000000	0.000000	-35.357475	149.168635	133.000000	1
964	0	3	203	0.000000	0.000000	0.000000	0.000000	0.000000	0.000000	0.000000	1
965	0	3	16	0.000000	0.000000	0.000000	0.000000	-35.356601	149.168611	133.000000	1
966	0	3	203	0.000000	0.000000	0.000000	0.000000	0.000000	0.000000	0.000000	1
967	0	3	16	0.000000	0.000000	0.000000	0.000000	-35.355727	149.168588	133.000000	1
968	0	3	203	0.000000	0.000000	0.000000	0.000000	0.000000	0.000000	0.000000	1
969	0	3	16	0.000000	0.000000	0.000000	0.000000	-35.354853	149.168565	133.000000	1
970	0	3	203	0.000000	0.000000	0.000000	0.000000	0.000000	0.000000	0.000000	1
971	0	3	16	0.000000	0.000000	0.000000	0.000000	-35.353979	149.168541	133.000000	1
972	0	3	203	0.000000	0.000000	0.000000	0.000000	0.000000	0.000000	0.000000	1
973	0	3	16	0.000000	0.000000	0.000000	0.000000	-35.353105	149.168518	133.000000	1
974	0	3	203	0.000000	0.000000	0.000000	0.000000	0.000000	0.000000	0.000000	1
975	0	3	16	0.000000	0.000000	0.000000	0.000000	-35.352231	149.168495	133.000000	1
976	0	3	203	0.000000	0.000000	0.000000	0.000000	0.000000	0.000000	0.000000	1
977	0	3	16	0.000000	0.000000	0.000000	0.000000	-35.351357	149.168471	133.000000	1
978	0	3	203	0.000000	0.000000	0.000000	0.000000	0.000000	0.000000	0.000000	1
979	0	3	16	0.000000	0.000000	0.000000	0.000000	-35.350483	149.168448	133.000000	1
980	0	3	203	0.000000	0.000000	0.000000	0.000000	0.000000	0.000000	0.000000	1
981	0	3	16	0.000000	0.000000	0.000000	0.000000	-35.349609	149.168424	133.000000	1
982	0	3	203	0.000000	0.000000	0.000000	0.000000	0.000000	0.000000	0.000000	1
983	0	3	16	0.000000	0.000000	0.000000	0.000000	-35.348735	149.168401	133.000000	1
984	0	3	203	0.000000	0.000000	0.000000	0.000000	0.000000	0.000000	0.000000	1
985	0	3	16	0.000000	0.000000	0.000000	0.000000	-35.347861	149.168378	133.000000	1
986	0	3	203	0.000000	0.000000	0.000000	0.000000	0.000000	0.000000	0.000000	1
987	0	3	16	0.000000	0.000000	0.000000	0.000000	-35.346987	149.168354	133.000000	1
988	0	3	203	0.000000	0.000000	0.000000	0.000000	0.000000	0.000000	0.000000	1
989	0	3	16	0.000000	0.000000	0.000000	0.000000	-35.346823	149.168350	133.000000	1
990	0	3	16	0.000000	0.000000	0.000000	0.000000	-35.346688	149.169723	133.000000	1
991	0	3	16	0.000000	0.000000	0.000000	0.000000	-35.346841	149.169727	133.000000	1
992	0	3	203	0.000000	0.000000	0.000000	0.000000	0.000000	0.000000	0.000000	1
993	0	3	16	0.000000	0.000000	0.000000	0.000000	-35.347715	149.169751	133.000000	1
994	0	3	203	0.000000	0.000000	0.000000	0.000000	0.000000	0.000000	0.000000	1
995	0	3	16	0.000000	0.000000	0.000000	0.000000	-35.348589	149.169774	133.000000	1
996	0	3	203	0.000000	0.000000	0.000000	0.000000	0.000000	0.000000	0.000000	1
997	0	3	16	0.000000	0.000000	0.000000	0.000000	-35.349463	149.169798	133.000000	1
998	0	3	203	0.000000	0.000000	0.000000	0.000000	0.000000	0.000000	0.000000	1
999	0	3	16	0.000000	0.000000	0.000000	0.000000	-35.350337	149.169821	133.000000	1
1000	0	3	203	0.000000	0.000000	0.000000	0.000000	0.000000	0.000000	0.000000	1
1001	0	3	16	0.000000	0.000000	0.000000	0.000000	-35.351211	149.169844	133.000000	1
1002	0	3	203	0.000000	0.000000	0.000000	0.000000	0.000000	0.000000	0.000000	1
1003	0	3	16	0.000000	0.000000	0.000000	0.000000	-35.352085	149.169868	133.000000	1
1004	0	3	203	0.000000	0.000000	0.000000	0.000000	0.000000	0.000000	0.000000	1
1005	0	3	16	0.000000	0.000000	0.000000	0.000000	-35.352959	149.169891	133.000000	1
1006	0	3	203	0.000000	0.000000	0.000000	0.000000	0.000000	0.000000	0.000000	1
1007	0	3	16	0.000000	0.000000	0.000000	0.000000	-35.353833	149.169915	133.000000	1
1008	0	3	203	0.000000	0.000000	0.000000	0.000000	0.000000	0.000000	0.000000	1
1009	0	3	16	0.000000	0.000000	0.000000	0.000000	-35.354707	149.169938	133.000000	1
1010	0	3	203	0.000000	0.000000	0.000000	0.000000	0.000000	0.000000	0.000000	1
1011	0	3	16	0.000000	0.000000	0.000000	0.000000	-35.355581	149.169961	133.000000	1
1012	0	3	203	0.000000	0.000000	0.000000	0.000000	0.000000	0.000000	0.000000	1
1013	0	3	16	0.000000	0.000000	0.000000	0.000000	-35.356455	149.169985	133.000000	1
1014	0	3	203	0.000000	0.000000	0.000000	0.000000	0.000000	0.000000	0.000000	1
1015	0	3	16	0.000000	0.000000	0.000000	0.000000	-35.357329	149.170008	133.000000	1
1016	0	3	203	0.000000	0.000000	0.000000	0.000000	0.000000	0.000000	0.000000	1
1017	0	3	16	0.000000	0.000000	0.000000	0.000000	-35.358203	149.170032	133.000000	1
1018	0	3	203	0.000000	0.000000	0.000000	0.000000	0.000000	0.000000	0.000000	1
1019	0	3	16	0.000000	0.000000	0.000000	0.000000	-35.359077	149.170055	133.000000	1
1020	0	3	203	0.000000	0.000000	0.000000	0.000000	0.000000	0.000000	0.000000	1
1021	0	3	16	0.000000	0.000000	0.000000	0.000000	-35.359951	149.170078	133.000000	1
1022	0	3	203	0.000000	0.000000	0.000000	0.000000	0.000000	0.000000	0.000000	1
1023	0	3	16	0.000000	0.000000	0.000000	0.000000	-35.360825	149.170102	133.000000	1
1024	0	3	203	0.000000	0.000000	0.000000	0.000000	0.000000	0.000000	0.000000	1
1025	0	3	16	0.000000	0.000000	0.000000	0.000000	-35.361699	149.170125	133.000000	1
1026	0	3	203	0.000000	0.000000	0.000000	0.000000	0.000000	0.000000	0.000000	1
1027	0	3	16	0.000000	0.000000	0.000000	0.000000	-35.361741	149.170126	133.000000	1
1028	0	3	16	0.000000	0.000000	0.000000	0.000000	-35.361844	149.171506	133.000000	1
1029	0	3	16	0.000000	0.000000	0.000000	0.000000	-35.361799	149.171505	133.000000	1
1030	0	3	203	0.000000	0.000000	0.000000	0.000000	0.000000	0.000000	0.000000	1
1031	0	3	16	0.000000	0.000000	0.000000	0.000000	-35.360925	149.171482	133.000000	1
1032	0	3	203	0.000000	0.000000	0.000000	0.000000	0.000000	0.000000	0.000000	1
1033	0	3	16	0.000000	0.000000	0.000000	0.000000	-35.360051	149.171458	133.000000	1
1034	0	3	203	0.000000	0.000000	0.000000	0.000000	0.000000	0.000000	0.000000	1
1035	0	3	16	0.000000	0.000000	0.000000	0.000000	-35.359177	149.171435	133.000000	1
1036	0	3	203	0.000000	0.000000	0.000000	0.000000	0.000000	0.000000	0.000000	1
1037	0	3	16	0.000000	0.000000	0.000000	0.000000	-35.358303	149.171411	133.000000	1
1038	0	3	203	0.000000	0.000000	0.000000	0.000000	0.000000	0.000000	0.000000	1
1039	0	3	16	0.000000	0.000000	0.000000	0.000000	-35.357429	149.171388	133.000000	1
1040	0	3	203	0.000000	0.000000	0.000000	0.000000	0.000000	0.000000	0.000000	1
1041	0	3	16	0.000000	0.000000	0.000000	0.000000	-35.356555	149.171365	133.000000	1
1042	0	3	203	0.000000	0.000000	0.000000	0.000000	0.000000	0.000000	0.000000	1
1043	0	3	16	0.000000	0.000000	0.000000	0.000000	-35.355681	149.171341	133.000000	1
1044	0	3	203	0.000000	0.000000	0.000000	0.000000	0.000000	0.000000	0.000000	1
1045	0	3	16	0.000000	0.000000	0.000000	0.000000	-35.354807	149.171318	133.000000	1
1046	0	3	203	0.000000	0.000000	0.000000	0.000000	0.000000	0.000000	0.000000	1
1047	0	3	16	0.000000	0.000000	0.000000	0.000000	-35.353933	149.171294	133.000000	1
1048	0	3	203	0.000000	0.000000	0.000000	0.000000	0.000000	0.000000	0.000000	1
1049	0	3	16	0.000000	0.000000	0.000000	0.000000	-35.353059	149.171271	133.000000	1
1050	0	3	203	0.000000	0.000000	0.000000	0.000000	0.000000	0.000000	0.000000	1
1051	0	3	16	0.000000	0.000000	0.000000	0.000000	-35.352185	149.171248	133.000000	1
1052	0	3	203	0.000000	0.000000	0.000000	0.000000	0.000000	0.000000	0.000000	1
1053	0	3	16	0.000000	0.000000	0.000000	0.000000	-35.351311	149.171224	133.000000	1
1054	0	3	203	0.000000	0.000000	0.000000	0.000000	0.000000	0.000000	0.000000	1
1055	0	3	16	0.000000	0.000000	0.000000	0.000000	-35.350437	149.171201	133.000000	1
1056	0	3	203	0.000000	0.000000	0.000000	0.000000	0.000000	0.000000	0.000000	1
1057	0	3	16	0.000000	0.000000	0.000000	0.000000	-35.349563	149.171177	133.000000	1
1058	0	3	203	0.000000	0.000000	0.000000	0.000000	0.000000	0.000000	0.000000	1
1059	0	3	16	0.000000	0.000000	0.000000	0.000000	-35.348689	149.171154	133.000000	1
1060	0	3	203	0.000000	0.000000	0.000000	0.000000	0.000000	0.000000	0.000000	1
1061	0	3	16	0.000000	0.000000	0.000000	0.000000	-35.347815	149.171131	133.000000	1
1062	0	3	203	0.000000	0.000000	0.000000	0.000000	0.000000	0.000000	0.000000	1
1063	0	3	16	0.000000	0.000000	0.000000	0.000000	-35.346941	149.171107	133.000000	1
1064	0	3	203	0.000000	0.000000	0.000000	0.000000	0.000000	0.000000	0.000000	1
1065	0	3	16	0.000000	0.000000	0.000000	0.000000	-35.346553	149.171097	133.000000	1
1066	0	3	16	0.000000	0.000000	0.000000	0.000000	-35.347853	149.172509	133.000000	1
1067	0	3	16	0.000000	0.000000	0.000000	0.000000	-35.348555	149.172527	133.000000	1
1068	0	3	203	0.000000	0.000000	0.000000	0.000000	0.000000	0.000000	0.000000	1
1069	0	3	16	0.000000	0.000000	0.000000	0.000000	-35.349429	149.172551	133.000000	1
1070	0	3	203	0.000000	0.000000	0.000000	0.000000	0.000000	0.000000	0.000000	1
1071	0	3	16	0.000000	0.000000	0.000000	0.000000	-35.350303	149.172574	133.000000	1
1072	0	3	203	0.000000	0.000000	0.000000	0.000000	0.000000	0.000000	0.000000	1
1073	0	3	16	0.000000	0.000000	0.000000	0.000000	-35.351177	149.172598	133.000000	1
1074	0	3	203	0.000000	0.000000	0.000000	0.000000	0.000000	0.000000	0.000000	1
1075	0	3	16	0.000000	0.000000	0.000000	0.000000	-35.352051	149.172621	133.000000	1
1076	0	3	203	0.000000	0.000000	0.000000	0.000000	0.000000	0.000000	0.000000	1
1077	0	3	16	0.000000	0.000000	0.000000	0.000000	-35.352925	149.172644	133.000000	1
1078	0	3	203	0.000000	0.000000	0.000000	0.000000	0.000000	0.000000	0.000000	1
1079	0	3	16	0.000000	0.000000	0.000000	0.000000	-35.353799	149.172668	133.000000	1
1080	0	3	203	0.000000	0.000000	0.000000	0.000000	0.000000	0.000000	0.000000	1
1081	0	3	16	0.000000	0.000000	0.000000	0.000000	-35.354673	149.172691	133.000000	1
1082	0	3	203	0.000000	0.000000	0.000000	0.000000	0.000000	0.000000	0.000000	1
1083	0	3	16	0.000000	0.000000	0.000000	0.000000	-35.355547	149.172715	133.000000	1
1084	0	3	203	0.000000	0.000000	0.000000	0.000000	0.000000	0.000000	0.000000	1
1085	0	3	16	0.000000	0.000000	0.000000	0.000000	-35.356421	149.172738	133.000000	1
1086	0	3	203	0.000000	0.000000	0.000000	0.000000	0.000000	0.000000	0.000000	1
1087	0	3	16	0.000000	0.000000	0.000000	0.000000	-35.357296	149.172762	133.000000	1
1088	0	3	203	0.000000	0.000000	0.000000	0.000000	0.000000	0.000000	0.000000	1
1089	0	3	16	0.000000	0.000000	0.000000	0.000000	-35.358170	149.172785	133.000000	1
1090	0	3	203	0.000000	0.000000	0.000000	0.000000	0.000000	0.000000	0.000000	1
1091	0	3	16	0.000000	0.000000	0.000000	0.000000	-35.359044	149.172808	133.000000	1
1092	0	3	203	0.000000	0.000000	0.000000	0.000000	0.000000	0.000000	0.000000	1
1093	0	3	16	0.000000	0.000000	0.000000	0.000000	-35.359918	149.172832	133.000000	1
1094	0	3	203	0.000000	0.000000	0.000000	0.000000	0.000000	0.000000	0.000000	1
1095	0	3	16	0.000000	0.000000	0.000000	0.000000	-35.360792	149.172855	133.000000	1
1096	0	3	203	0.000000	0.000000	0.000000	0.000000	0.000000	0.000000	0.000000	1
1097	0	3	16	0.000000	0.000000	0.000000	0.000000	-35.361666	149.172879	133.000000	1
1098	0	3	203	0.000000	0.000000	0.000000	0.000000	0.000000	0.000000	0.000000	1
1099	0	3	16	0.000000	0.000000	0.000000	0.000000	-35.361947	149.172886	133.000000	1
1100	0	3	16	0.000000	0.000000	0.000000	0.000000	-35.360959	149.174237	133.000000	1
1101	0	3	16	0.000000	0.000000	0.000000	0.000000	-35.360869	149.174235	133.000000	1
1102	0	3	203	0.000000	0.000000	0.000000	0.000000	0.000000	0.000000	0.000000	1
1103	0	3	16	0.000000	0.000000	0.000000	0.000000	-35.359995	149.174211	133.000000	1
1104	0	3	203	0.000000	0.000000	0.000000	0.000000	0.000000	0.000000	0.000000	1
1105	0	3	16	0.000000	0.000000	0.000000	0.000000	-35.359121	149.174188	133.000000	1
1106	0	3	203	0.000000	0.000000	0.000000	0.000000	0.000000	0.000000	0.000000	1
1107	0	3	16	0.000000	0.000000	0.000000	0.000000	-35.358247	149.174164	133.000000	1
1108	0	3	203	0.000000	0.000000	0.000000	0.000000	0.000000	0.000000	0.000000	1
1109	0	3	16	0.000000	0.000000	0.000000	0.000000	-35.357373	149.174141	133.000000	1
1110	0	3	203	0.000000	0.000000	0.000000	0.000000	0.000000	0.000000	0.000000	1
1111	0	3	16	0.000000	0.000000	0.000000	0.000000	-35.356499	149.174117	133.000000	1
1112	0	3	203	0.000000	0.000000	0.000000	0.000000	0.000000	0.000000	0.000000	1
1113	0	3	16	0.000000	0.000000	0.000000	0.000000	-35.355625	149.174094	133.000000	1
1114	0	3	203	0.000000	0.000000	0.000000	0.000000	0.000000	0.000000	0.000000	1
1115	0	3	16	0.000000	0.000000	0.000000	0.000000	-35.354751	149.174070	133.000000	1
1116	0	3	203	0.000000	0.000000	0.000000	0.000000	0.000000	0.000000	0.000000	1
1117	0	3	16	0.000000	0.000000	0.000000	0.000000	-35.353877	149.174047	133.000000	1
1118	0	3	203	0.000000	0.000000	0.000000	0.000000	0.000000	0.000000	0.000000	1
1119	0	3	16	0.000000	0.000000	0.000000	0.000000	-35.353003	149.174024	133.000000	1
1120	0	3	203	0.000000	0.000000	0.000000	0.000000	0.000000	0.000000	0.000000	1
1121	0	3	16	0.000000	0.000000	0.000000	0.000000	-35.352129	149.174000	133.000000	1
1122	0	3	203	0.000000	0.000000	0.000000	0.000000	0.000000	0.000000	0.000000	1
1123	0	3	16	0.000000	0.000000	0.000000	0.000000	-35.351255	149.173977	133.000000	1
1124	0	3	203	0.000000	0.000000	0.000000	0.000000	0.000000	0.000000	0.000000	1
1125	0	3	16	0.000000	0.000000	0.000000	0.000000	-35.350381	149.173953	133.000000	1
1126	0	3	203	0.000000	0.000000	0.000000	0.000000	0.000000	0.000000	0.000000	1
1127	0	3	16	0.000000	0.000000	0.000000	0.000000	-35.350202	149.173948	133.000000	1
1128	0	3	16	0.000000	0.000000	0.000000	0.000000	-35.352551	149.175389	133.000000	1
1129	0	3	16	0.000000	0.000000	0.000000	0.000000	-35.352911	149.175398	133.000000	1
1130	0	3	203	0.000000	0.000000	0.000000	0.000000	0.000000	0.000000	0.000000	1
1131	0	3	16	0.000000	0.000000	0.000000	0.000000	-35.353785	149.175422	133.000000	1
1132	0	3	203	0.000000	0.000000	0.000000	0.000000	0.000000	0.000000	0.000000	1
1133	0	3	16	0.000000	0.000000	0.000000	0.000000	-35.354659	149.175445	133.000000	1
1134	0	3	203	0.000000	0.000000	0.000000	0.000000	0.000000	0.000000	0.000000	1
1135	0	3	16	0.000000	0.000000	0.000000	0.000000	-35.355533	149.175469	133.000000	1
1136	0	3	203	0.000000	0.000000	0.000000	0.000000	0.000000	0.000000	0.000000	1
1137	0	3	16	0.000000	0.000000	0.000000	0.000000	-35.356407	149.175492	133.000000	1
1138	0	3	203	0.000000	0.000000	0.000000	0.000000	0.000000	0.000000	0.000000	1
1139	0	3	16	0.000000	0.000000	0.000000	0.000000	-35.357281	149.175515	133.000000	1
1140	0	3	203	0.000000	0.000000	0.000000	0.000000	0.000000	0.000000	0.000000	1
1141	0	3	16	0.000000	0.000000	0.000000	0.000000	-35.358155	149.175539	133.000000	1
1142	0	3	203	0.000000	0.000000	0.000000	0.000000	0.000000	0.000000	0.000000	1
1143	0	3	16	0.000000	0.000000	0.000000	0.000000	-35.359029	149.175562	133.000000	1
1144	0	3	203	0.000000	0.000000	0.000000	0.000000	0.000000	0.000000	0.000000	1
1145	0	3	16	0.000000	0.000000	0.000000	0.000000	-35.359729	149.175581	133.000000	1
1146	0	3	16	0.000000	0.000000	0.000000	0.000000	-35.358500	149.176925	133.000000	1
1147	0	3	16	0.000000	0.000000	0.000000	0.000000	-35.358175	149.176917	133.000000	1
1148	0	3	203	0.000000	0.000000	0.000000	0.000000	0.000000	0.000000	0.000000	1
1149	0	3	16	0.000000	0.000000	0.000000	0.000000	-35.357301	149.176893	133.000000	1
1150	0	3	203	0.000000	0.000000	0.000000	0.000000	0.000000	0.000000	0.000000	1
1151	0	3	16	0.000000	0.000000	0.000000	0.000000	-35.356427	149.176870	133.000000	1
1152	0	3	203	0.000000	0.000000	0.000000	0.000000	0.000000	0.000000	0.000000	1
1153	0	3	16	0.000000	0.000000	0.000000	0.000000	-35.355553	149.176846	133.000000	1
1154	0	3	203	0.000000	0.000000	0.000000	0.000000	0.000000	0.000000	0.000000	1
1155	0	3	16	0.000000	0.000000	0.000000	0.000000	-35.354679	149.176823	133.000000	1
1156	0	3	203	0.000000	0.000000	0.000000	0.000000	0.000000	0.000000	0.000000	1
1157	0	3	16	0.000000	0.000000	0.000000	0.000000	-35.353805	149.176799	133.000000	1
1158	0	3	203	0.000000	0.000000	0.000000	0.000000	0.000000	0.000000	0.000000	1
1159	0	3	16	0.000000	0.000000	0.000000	0.000000	-35.353178	149.176782	133.000000	1
1160	0	3	16	0.000000	0.000000	0.000000	0.000000	-35.353124	149.178158	133.000000	1
1161	0	3	16	0.000000	0.000000	0.000000	0.000000	-35.353737	149.178175	133.000000	1
1162	0	3	203	0.000000	0.000000	0.000000	0.000000	0.000000	0.000000	0.000000	1
1163	0	3	16	0.000000	0.000000	0.000000	0.000000	-35.354611	149.178198	133.000000	1
1164	0	3	203	0.000000	0.000000	0.000000	0.000000	0.000000	0.000000	0.000000	1
1165	0	3	16	0.000000	0.000000	0.000000	0.000000	-35.355485	149.178222	133.000000	1
1166	0	3	203	0.000000	0.000000	0.000000	0.000000	0.000000	0.000000	0.000000	1
1167	0	3	16	0.000000	0.000000	0.000000	0.000000	-35.356359	149.178245	133.000000	1
1168	0	3	203	0.000000	0.000000	0.000000	0.000000	0.000000	0.000000	0.000000	1
1169	0	3	16	0.000000	0.000000	0.000000	0.000000	-35.357233	149.178268	133.000000	1
1170	0	3	203	0.000000	0.000000	0.000000	0.000000	0.000000	0.000000	0.000000	1
1171	0	3	16	0.000000	0.000000	0.000000	0.000000	-35.357270	149.178269	133.000000	1
1172	0	3	16	0.000000	0.000000	0.000000	0.000000	-35.356040	149.179614	133.000000	1
1173	0	3	16	0.000000	0.000000	0.000000	0.000000	-35.355491	149.179599	133.000000	1
1174	0	3	203	0.000000	0.000000	0.000000	0.000000	0.000000	0.000000	0.000000	1
1175	0	3	16	0.000000	0.000000	0.000000	0.000000	-35.354617	149.179575	133.000000	1
1176	0	3	203	0.000000	0.000000	0.000000	0.000000	0.000000	0.000000	0.000000	1
1177	0	3	16	0.000000	0.000000	0.000000	0.000000	-35.353743	149.179552	133.000000	1
1178	0	3	203	0.000000	0.000000	0.000000	0.000000	0.000000	0.000000	0.000000	1
1179	0	3	16	0.000000	0.000000	0.000000	0.000000	-35.353071	149.179534	133.000000	1
1180	0	3	16	0.000000	0.000000	0.000000	0.000000	-35.353018	149.180909	133.000000	1
1181	0	3	16	0.000000	0.000000	0.000000	0.000000	-35.353693	149.180928	133.000000	1
1182	0	3	203	0.000000	0.000000	0.000000	0.000000	0.000000	0.000000	0.000000	1
1183	0	3	16	0.000000	0.000000	0.000000	0.000000	-35.354567	149.180951	133.000000	1
1184	0	3	203	0.000000	0.000000	0.000000	0.000000	0.000000	0.000000	0.000000	1
1185	0	3	16	0.000000	0.000000	0.000000	0.000000	-35.354811	149.180958	133.000000	1
1186	0	3	16	0.000000	0.000000	0.000000	0.000000	-35.353581	149.182302	133.000000	1
1187	0	3	16	0.000000	0.000000	0.000000	0.000000	-35.352964	149.182285	133.000000	1
1188	0	3	20	0.000000	0.000000	0.000000	0.000000	0.000000	0.000000	0.000000	1
